"HITId","HITTypeId","Title","Description","Keywords","Reward","CreationTime","MaxAssignments","RequesterAnnotation","AssignmentDurationInSeconds","AutoApprovalDelayInSeconds","Expiration","NumberOfSimilarHITs","LifetimeInSeconds","AssignmentId","WorkerId","AssignmentStatus","AcceptTime","SubmitTime","AutoApprovalTime","ApprovalTime","RejectionTime","RequesterFeedback","WorkTimeInSeconds","LifetimeApprovalRate","Last30DaysApprovalRate","Last7DaysApprovalRate","Input.image_url_1","Input.image_A1_url","Input.image_B1_url","Input.image_url_2","Input.image_A2_url","Input.image_B2_url","Input.image_url_3","Input.image_A3_url","Input.image_B3_url","Input.image_url_4","Input.image_A4_url","Input.image_B4_url","Input.image_url_5","Input.image_A5_url","Input.image_B5_url","Input.image_url_6","Input.image_A6_url","Input.image_B6_url","Input.image_url_7","Input.image_A7_url","Input.image_B7_url","Input.image_url_8","Input.image_A8_url","Input.image_B8_url","Input.image_url_9","Input.image_A9_url","Input.image_B9_url","Input.image_url_10","Input.image_A10_url","Input.image_B10_url","Answer.choice1","Answer.choice10","Answer.choice2","Answer.choice3","Answer.choice4","Answer.choice5","Answer.choice6","Answer.choice7","Answer.choice8","Answer.choice9","Approve","Reject"
"3M67TQBQQH316JYNNJA3KLGUBH89A9","3G39WTVP4COFABVCFV2XU5YQR8PL6O","Choose one image from two images","Choose one image from two images that more similar to the given reference image","image, comparison, choose, abtest","$0.30","Fri Oct 26 00:20:23 PDT 2018","80","BatchId:3413310;OriginalHitTemplateId:926158629;","7200","604800","Sat Nov 24 23:20:23 PST 2018","","","30BUDKLTXEBOHTAGQ04AT8X7EOO5E8","A1V2C5IAJ6EJV8","Submitted","Fri Oct 26 00:20:49 PDT 2018","Fri Oct 26 00:59:26 PDT 2018","Fri Nov 02 00:59:26 PDT 2018","","","","2317","0% (0/0)","0% (0/0)","0% (0/0)","R0_1154_O_N_original.png","R0_1154_O_N_l2.png","R0_1154_O_N_diff.png","R0_131_O_A_original.png","R0_131_O_A_diff.png","R0_131_O_A_l2.png","R0_26_N_A_original.png","R0_26_N_A_l2.png","R0_26_N_A_diff.png","R0_307_~_A_original.png","R0_307_~_A_l2.png","R0_307_~_A_diff.png","R0_6955_A_N_original.png","R0_6955_A_N_diff.png","R0_6955_A_N_l2.png","R0_761_~_N_original.png","R0_761_~_N_diff.png","R0_761_~_N_l2.png","R48_1522_A_O_original.png","R48_1522_A_O_l2.png","R48_1522_A_O_diff.png","R49_5293_A_N_original.png","R49_5293_A_N_diff.png","R49_5293_A_N_l2.png","R49_572_O_A_original.png","R49_572_O_A_diff.png","R49_572_O_A_l2.png","R49_616_N_A_original.png","R49_616_N_A_l2.png","R49_616_N_A_diff.png","optionA","optionA","optionB","optionA","optionA","optionA","optionB","optionB","optionA","optionB"
"3M67TQBQQH316JYNNJA3KLGUBH89A9","3G39WTVP4COFABVCFV2XU5YQR8PL6O","Choose one image from two images","Choose one image from two images that more similar to the given reference image","image, comparison, choose, abtest","$0.30","Fri Oct 26 00:20:23 PDT 2018","80","BatchId:3413310;OriginalHitTemplateId:926158629;","7200","604800","Sat Nov 24 23:20:23 PST 2018","","","30IQTZXKALMYSMFWOZOQ02MNDMOX0O","A3HQ828Y2ICOAW","Submitted","Fri Oct 26 00:29:29 PDT 2018","Fri Oct 26 00:34:24 PDT 2018","Fri Nov 02 00:34:24 PDT 2018","","","","295","0% (0/0)","0% (0/0)","0% (0/0)","R0_1154_O_N_original.png","R0_1154_O_N_l2.png","R0_1154_O_N_diff.png","R0_131_O_A_original.png","R0_131_O_A_diff.png","R0_131_O_A_l2.png","R0_26_N_A_original.png","R0_26_N_A_l2.png","R0_26_N_A_diff.png","R0_307_~_A_original.png","R0_307_~_A_l2.png","R0_307_~_A_diff.png","R0_6955_A_N_original.png","R0_6955_A_N_diff.png","R0_6955_A_N_l2.png","R0_761_~_N_original.png","R0_761_~_N_diff.png","R0_761_~_N_l2.png","R48_1522_A_O_original.png","R48_1522_A_O_l2.png","R48_1522_A_O_diff.png","R49_5293_A_N_original.png","R49_5293_A_N_diff.png","R49_5293_A_N_l2.png","R49_572_O_A_original.png","R49_572_O_A_diff.png","R49_572_O_A_l2.png","R49_616_N_A_original.png","R49_616_N_A_l2.png","R49_616_N_A_diff.png","optionB","optionB","optionB","optionB","optionA","optionA","optionA","optionA","optionB","optionA"
"3M67TQBQQH316JYNNJA3KLGUBH89A9","3G39WTVP4COFABVCFV2XU5YQR8PL6O","Choose one image from two images","Choose one image from two images that more similar to the given reference image","image, comparison, choose, abtest","$0.30","Fri Oct 26 00:20:23 PDT 2018","80","BatchId:3413310;OriginalHitTemplateId:926158629;","7200","604800","Sat Nov 24 23:20:23 PST 2018","","","30JNVC0ORA0PUPKG0T0JCMPB21AHQM","A1Z2R494U0IEJX","Submitted","Fri Oct 26 01:45:29 PDT 2018","Fri Oct 26 01:48:30 PDT 2018","Fri Nov 02 01:48:30 PDT 2018","","","","181","0% (0/0)","0% (0/0)","0% (0/0)","R0_1154_O_N_original.png","R0_1154_O_N_l2.png","R0_1154_O_N_diff.png","R0_131_O_A_original.png","R0_131_O_A_diff.png","R0_131_O_A_l2.png","R0_26_N_A_original.png","R0_26_N_A_l2.png","R0_26_N_A_diff.png","R0_307_~_A_original.png","R0_307_~_A_l2.png","R0_307_~_A_diff.png","R0_6955_A_N_original.png","R0_6955_A_N_diff.png","R0_6955_A_N_l2.png","R0_761_~_N_original.png","R0_761_~_N_diff.png","R0_761_~_N_l2.png","R48_1522_A_O_original.png","R48_1522_A_O_l2.png","R48_1522_A_O_diff.png","R49_5293_A_N_original.png","R49_5293_A_N_diff.png","R49_5293_A_N_l2.png","R49_572_O_A_original.png","R49_572_O_A_diff.png","R49_572_O_A_l2.png","R49_616_N_A_original.png","R49_616_N_A_l2.png","R49_616_N_A_diff.png","optionB","optionB","optionA","optionB","optionB","optionB","optionB","optionB","optionB","optionB"
"3M67TQBQQH316JYNNJA3KLGUBH89A9","3G39WTVP4COFABVCFV2XU5YQR8PL6O","Choose one image from two images","Choose one image from two images that more similar to the given reference image","image, comparison, choose, abtest","$0.30","Fri Oct 26 00:20:23 PDT 2018","80","BatchId:3413310;OriginalHitTemplateId:926158629;","7200","604800","Sat Nov 24 23:20:23 PST 2018","","","30LB5CDZNDQNXHFBPHCBXN2YLMO0ZQ","A33BEWJMWOV0YP","Submitted","Fri Oct 26 00:39:04 PDT 2018","Fri Oct 26 02:31:48 PDT 2018","Fri Nov 02 02:31:48 PDT 2018","","","","6764","0% (0/0)","0% (0/0)","0% (0/0)","R0_1154_O_N_original.png","R0_1154_O_N_l2.png","R0_1154_O_N_diff.png","R0_131_O_A_original.png","R0_131_O_A_diff.png","R0_131_O_A_l2.png","R0_26_N_A_original.png","R0_26_N_A_l2.png","R0_26_N_A_diff.png","R0_307_~_A_original.png","R0_307_~_A_l2.png","R0_307_~_A_diff.png","R0_6955_A_N_original.png","R0_6955_A_N_diff.png","R0_6955_A_N_l2.png","R0_761_~_N_original.png","R0_761_~_N_diff.png","R0_761_~_N_l2.png","R48_1522_A_O_original.png","R48_1522_A_O_l2.png","R48_1522_A_O_diff.png","R49_5293_A_N_original.png","R49_5293_A_N_diff.png","R49_5293_A_N_l2.png","R49_572_O_A_original.png","R49_572_O_A_diff.png","R49_572_O_A_l2.png","R49_616_N_A_original.png","R49_616_N_A_l2.png","R49_616_N_A_diff.png","optionB","optionB","optionA","optionB","optionA","optionA","optionA","optionB","optionA","optionA"
"3M67TQBQQH316JYNNJA3KLGUBH89A9","3G39WTVP4COFABVCFV2XU5YQR8PL6O","Choose one image from two images","Choose one image from two images that more similar to the given reference image","image, comparison, choose, abtest","$0.30","Fri Oct 26 00:20:23 PDT 2018","80","BatchId:3413310;OriginalHitTemplateId:926158629;","7200","604800","Sat Nov 24 23:20:23 PST 2018","","","31HQ4X3T3TQ3T1IJJI4MZEXJ15XSLK","A1E2ADZSSESHHP","Submitted","Fri Oct 26 00:24:27 PDT 2018","Fri Oct 26 00:28:51 PDT 2018","Fri Nov 02 00:28:51 PDT 2018","","","","264","0% (0/0)","0% (0/0)","0% (0/0)","R0_1154_O_N_original.png","R0_1154_O_N_l2.png","R0_1154_O_N_diff.png","R0_131_O_A_original.png","R0_131_O_A_diff.png","R0_131_O_A_l2.png","R0_26_N_A_original.png","R0_26_N_A_l2.png","R0_26_N_A_diff.png","R0_307_~_A_original.png","R0_307_~_A_l2.png","R0_307_~_A_diff.png","R0_6955_A_N_original.png","R0_6955_A_N_diff.png","R0_6955_A_N_l2.png","R0_761_~_N_original.png","R0_761_~_N_diff.png","R0_761_~_N_l2.png","R48_1522_A_O_original.png","R48_1522_A_O_l2.png","R48_1522_A_O_diff.png","R49_5293_A_N_original.png","R49_5293_A_N_diff.png","R49_5293_A_N_l2.png","R49_572_O_A_original.png","R49_572_O_A_diff.png","R49_572_O_A_l2.png","R49_616_N_A_original.png","R49_616_N_A_l2.png","R49_616_N_A_diff.png","optionB","optionB","optionA","optionB","optionB","optionA","optionA","optionA","optionA","optionA"
"3M67TQBQQH316JYNNJA3KLGUBH89A9","3G39WTVP4COFABVCFV2XU5YQR8PL6O","Choose one image from two images","Choose one image from two images that more similar to the given reference image","image, comparison, choose, abtest","$0.30","Fri Oct 26 00:20:23 PDT 2018","80","BatchId:3413310;OriginalHitTemplateId:926158629;","7200","604800","Sat Nov 24 23:20:23 PST 2018","","","32SCWG5HIIKOXOZK4XUQFQABOQ1P6T","A299J4PKHAEU9H","Submitted","Fri Oct 26 00:21:13 PDT 2018","Fri Oct 26 01:04:48 PDT 2018","Fri Nov 02 01:04:48 PDT 2018","","","","2615","0% (0/0)","0% (0/0)","0% (0/0)","R0_1154_O_N_original.png","R0_1154_O_N_l2.png","R0_1154_O_N_diff.png","R0_131_O_A_original.png","R0_131_O_A_diff.png","R0_131_O_A_l2.png","R0_26_N_A_original.png","R0_26_N_A_l2.png","R0_26_N_A_diff.png","R0_307_~_A_original.png","R0_307_~_A_l2.png","R0_307_~_A_diff.png","R0_6955_A_N_original.png","R0_6955_A_N_diff.png","R0_6955_A_N_l2.png","R0_761_~_N_original.png","R0_761_~_N_diff.png","R0_761_~_N_l2.png","R48_1522_A_O_original.png","R48_1522_A_O_l2.png","R48_1522_A_O_diff.png","R49_5293_A_N_original.png","R49_5293_A_N_diff.png","R49_5293_A_N_l2.png","R49_572_O_A_original.png","R49_572_O_A_diff.png","R49_572_O_A_l2.png","R49_616_N_A_original.png","R49_616_N_A_l2.png","R49_616_N_A_diff.png","optionA","optionA","optionA","optionA","optionA","optionB","optionB","optionA","optionB","optionA"
"3M67TQBQQH316JYNNJA3KLGUBH89A9","3G39WTVP4COFABVCFV2XU5YQR8PL6O","Choose one image from two images","Choose one image from two images that more similar to the given reference image","image, comparison, choose, abtest","$0.30","Fri Oct 26 00:20:23 PDT 2018","80","BatchId:3413310;OriginalHitTemplateId:926158629;","7200","604800","Sat Nov 24 23:20:23 PST 2018","","","32SCWG5HIIKOXOZK4XUQFQABOR7P61","ARJ8XLYXTWNE","Submitted","Fri Oct 26 01:41:09 PDT 2018","Fri Oct 26 01:51:50 PDT 2018","Fri Nov 02 01:51:50 PDT 2018","","","","641","0% (0/0)","0% (0/0)","0% (0/0)","R0_1154_O_N_original.png","R0_1154_O_N_l2.png","R0_1154_O_N_diff.png","R0_131_O_A_original.png","R0_131_O_A_diff.png","R0_131_O_A_l2.png","R0_26_N_A_original.png","R0_26_N_A_l2.png","R0_26_N_A_diff.png","R0_307_~_A_original.png","R0_307_~_A_l2.png","R0_307_~_A_diff.png","R0_6955_A_N_original.png","R0_6955_A_N_diff.png","R0_6955_A_N_l2.png","R0_761_~_N_original.png","R0_761_~_N_diff.png","R0_761_~_N_l2.png","R48_1522_A_O_original.png","R48_1522_A_O_l2.png","R48_1522_A_O_diff.png","R49_5293_A_N_original.png","R49_5293_A_N_diff.png","R49_5293_A_N_l2.png","R49_572_O_A_original.png","R49_572_O_A_diff.png","R49_572_O_A_l2.png","R49_616_N_A_original.png","R49_616_N_A_l2.png","R49_616_N_A_diff.png","optionB","optionB","optionA","optionA","optionB","optionB","optionA","optionA","optionB","optionA"
"3M67TQBQQH316JYNNJA3KLGUBH89A9","3G39WTVP4COFABVCFV2XU5YQR8PL6O","Choose one image from two images","Choose one image from two images that more similar to the given reference image","image, comparison, choose, abtest","$0.30","Fri Oct 26 00:20:23 PDT 2018","80","BatchId:3413310;OriginalHitTemplateId:926158629;","7200","604800","Sat Nov 24 23:20:23 PST 2018","","","333U7HK6IAVRWMB1J7XKO0YRWDJDJA","A2HNP1YL1IBFMU","Submitted","Fri Oct 26 00:35:28 PDT 2018","Fri Oct 26 00:50:28 PDT 2018","Fri Nov 02 00:50:28 PDT 2018","","","","900","0% (0/0)","0% (0/0)","0% (0/0)","R0_1154_O_N_original.png","R0_1154_O_N_l2.png","R0_1154_O_N_diff.png","R0_131_O_A_original.png","R0_131_O_A_diff.png","R0_131_O_A_l2.png","R0_26_N_A_original.png","R0_26_N_A_l2.png","R0_26_N_A_diff.png","R0_307_~_A_original.png","R0_307_~_A_l2.png","R0_307_~_A_diff.png","R0_6955_A_N_original.png","R0_6955_A_N_diff.png","R0_6955_A_N_l2.png","R0_761_~_N_original.png","R0_761_~_N_diff.png","R0_761_~_N_l2.png","R48_1522_A_O_original.png","R48_1522_A_O_l2.png","R48_1522_A_O_diff.png","R49_5293_A_N_original.png","R49_5293_A_N_diff.png","R49_5293_A_N_l2.png","R49_572_O_A_original.png","R49_572_O_A_diff.png","R49_572_O_A_l2.png","R49_616_N_A_original.png","R49_616_N_A_l2.png","R49_616_N_A_diff.png","optionB","optionB","optionA","optionA","optionB","optionA","optionA","optionA","optionB","optionA"
"3M67TQBQQH316JYNNJA3KLGUBH89A9","3G39WTVP4COFABVCFV2XU5YQR8PL6O","Choose one image from two images","Choose one image from two images that more similar to the given reference image","image, comparison, choose, abtest","$0.30","Fri Oct 26 00:20:23 PDT 2018","80","BatchId:3413310;OriginalHitTemplateId:926158629;","7200","604800","Sat Nov 24 23:20:23 PST 2018","","","33JKGHPFYDAQJ68ZBYOF0X22ED6MNZ","A3BI98I9V2FL0T","Submitted","Fri Oct 26 04:24:01 PDT 2018","Fri Oct 26 04:25:53 PDT 2018","Fri Nov 02 04:25:53 PDT 2018","","","","112","0% (0/0)","0% (0/0)","0% (0/0)","R0_1154_O_N_original.png","R0_1154_O_N_l2.png","R0_1154_O_N_diff.png","R0_131_O_A_original.png","R0_131_O_A_diff.png","R0_131_O_A_l2.png","R0_26_N_A_original.png","R0_26_N_A_l2.png","R0_26_N_A_diff.png","R0_307_~_A_original.png","R0_307_~_A_l2.png","R0_307_~_A_diff.png","R0_6955_A_N_original.png","R0_6955_A_N_diff.png","R0_6955_A_N_l2.png","R0_761_~_N_original.png","R0_761_~_N_diff.png","R0_761_~_N_l2.png","R48_1522_A_O_original.png","R48_1522_A_O_l2.png","R48_1522_A_O_diff.png","R49_5293_A_N_original.png","R49_5293_A_N_diff.png","R49_5293_A_N_l2.png","R49_572_O_A_original.png","R49_572_O_A_diff.png","R49_572_O_A_l2.png","R49_616_N_A_original.png","R49_616_N_A_l2.png","R49_616_N_A_diff.png","optionA","optionA","optionB","optionA","optionB","optionB","optionB","optionB","optionA","optionB"
"3M67TQBQQH316JYNNJA3KLGUBH89A9","3G39WTVP4COFABVCFV2XU5YQR8PL6O","Choose one image from two images","Choose one image from two images that more similar to the given reference image","image, comparison, choose, abtest","$0.30","Fri Oct 26 00:20:23 PDT 2018","80","BatchId:3413310;OriginalHitTemplateId:926158629;","7200","604800","Sat Nov 24 23:20:23 PST 2018","","","33SA9F9TRYAIUCP0M1RJJ8AKYLSEWY","A39ONIMT6RT6S2","Submitted","Fri Oct 26 00:21:16 PDT 2018","Fri Oct 26 00:53:03 PDT 2018","Fri Nov 02 00:53:03 PDT 2018","","","","1907","0% (0/0)","0% (0/0)","0% (0/0)","R0_1154_O_N_original.png","R0_1154_O_N_l2.png","R0_1154_O_N_diff.png","R0_131_O_A_original.png","R0_131_O_A_diff.png","R0_131_O_A_l2.png","R0_26_N_A_original.png","R0_26_N_A_l2.png","R0_26_N_A_diff.png","R0_307_~_A_original.png","R0_307_~_A_l2.png","R0_307_~_A_diff.png","R0_6955_A_N_original.png","R0_6955_A_N_diff.png","R0_6955_A_N_l2.png","R0_761_~_N_original.png","R0_761_~_N_diff.png","R0_761_~_N_l2.png","R48_1522_A_O_original.png","R48_1522_A_O_l2.png","R48_1522_A_O_diff.png","R49_5293_A_N_original.png","R49_5293_A_N_diff.png","R49_5293_A_N_l2.png","R49_572_O_A_original.png","R49_572_O_A_diff.png","R49_572_O_A_l2.png","R49_616_N_A_original.png","R49_616_N_A_l2.png","R49_616_N_A_diff.png","optionB","optionB","optionA","optionB","optionA","optionB","optionA","optionA","optionB","optionA"
"3M67TQBQQH316JYNNJA3KLGUBH89A9","3G39WTVP4COFABVCFV2XU5YQR8PL6O","Choose one image from two images","Choose one image from two images that more similar to the given reference image","image, comparison, choose, abtest","$0.30","Fri Oct 26 00:20:23 PDT 2018","80","BatchId:3413310;OriginalHitTemplateId:926158629;","7200","604800","Sat Nov 24 23:20:23 PST 2018","","","34FNN24DCNPMNYR7Q1G40BPNW0V5YP","A3C2PSZEKN8OWD","Submitted","Fri Oct 26 00:38:06 PDT 2018","Fri Oct 26 00:49:51 PDT 2018","Fri Nov 02 00:49:51 PDT 2018","","","","705","0% (0/0)","0% (0/0)","0% (0/0)","R0_1154_O_N_original.png","R0_1154_O_N_l2.png","R0_1154_O_N_diff.png","R0_131_O_A_original.png","R0_131_O_A_diff.png","R0_131_O_A_l2.png","R0_26_N_A_original.png","R0_26_N_A_l2.png","R0_26_N_A_diff.png","R0_307_~_A_original.png","R0_307_~_A_l2.png","R0_307_~_A_diff.png","R0_6955_A_N_original.png","R0_6955_A_N_diff.png","R0_6955_A_N_l2.png","R0_761_~_N_original.png","R0_761_~_N_diff.png","R0_761_~_N_l2.png","R48_1522_A_O_original.png","R48_1522_A_O_l2.png","R48_1522_A_O_diff.png","R49_5293_A_N_original.png","R49_5293_A_N_diff.png","R49_5293_A_N_l2.png","R49_572_O_A_original.png","R49_572_O_A_diff.png","R49_572_O_A_l2.png","R49_616_N_A_original.png","R49_616_N_A_l2.png","R49_616_N_A_diff.png","optionA","optionA","optionA","optionA","optionB","optionA","optionA","optionA","optionB","optionA"
"3M67TQBQQH316JYNNJA3KLGUBH89A9","3G39WTVP4COFABVCFV2XU5YQR8PL6O","Choose one image from two images","Choose one image from two images that more similar to the given reference image","image, comparison, choose, abtest","$0.30","Fri Oct 26 00:20:23 PDT 2018","80","BatchId:3413310;OriginalHitTemplateId:926158629;","7200","604800","Sat Nov 24 23:20:23 PST 2018","","","34QN5IT0T078DLEOGRCYK35UMEN801","A11K4HY613LGHX","Submitted","Fri Oct 26 02:03:08 PDT 2018","Fri Oct 26 02:05:45 PDT 2018","Fri Nov 02 02:05:45 PDT 2018","","","","157","100% (4/4)","100% (4/4)","100% (4/4)","R0_1154_O_N_original.png","R0_1154_O_N_l2.png","R0_1154_O_N_diff.png","R0_131_O_A_original.png","R0_131_O_A_diff.png","R0_131_O_A_l2.png","R0_26_N_A_original.png","R0_26_N_A_l2.png","R0_26_N_A_diff.png","R0_307_~_A_original.png","R0_307_~_A_l2.png","R0_307_~_A_diff.png","R0_6955_A_N_original.png","R0_6955_A_N_diff.png","R0_6955_A_N_l2.png","R0_761_~_N_original.png","R0_761_~_N_diff.png","R0_761_~_N_l2.png","R48_1522_A_O_original.png","R48_1522_A_O_l2.png","R48_1522_A_O_diff.png","R49_5293_A_N_original.png","R49_5293_A_N_diff.png","R49_5293_A_N_l2.png","R49_572_O_A_original.png","R49_572_O_A_diff.png","R49_572_O_A_l2.png","R49_616_N_A_original.png","R49_616_N_A_l2.png","R49_616_N_A_diff.png","optionB","optionB","optionA","optionB","optionB","optionA","optionA","optionB","optionA","optionA"
"3M67TQBQQH316JYNNJA3KLGUBH89A9","3G39WTVP4COFABVCFV2XU5YQR8PL6O","Choose one image from two images","Choose one image from two images that more similar to the given reference image","image, comparison, choose, abtest","$0.30","Fri Oct 26 00:20:23 PDT 2018","80","BatchId:3413310;OriginalHitTemplateId:926158629;","7200","604800","Sat Nov 24 23:20:23 PST 2018","","","36WLNQG780QQ69RPRAVNWUXZOKBEBJ","A2EKDPFTO5PNPM","Submitted","Fri Oct 26 00:28:45 PDT 2018","Fri Oct 26 00:32:29 PDT 2018","Fri Nov 02 00:32:29 PDT 2018","","","","224","0% (0/0)","0% (0/0)","0% (0/0)","R0_1154_O_N_original.png","R0_1154_O_N_l2.png","R0_1154_O_N_diff.png","R0_131_O_A_original.png","R0_131_O_A_diff.png","R0_131_O_A_l2.png","R0_26_N_A_original.png","R0_26_N_A_l2.png","R0_26_N_A_diff.png","R0_307_~_A_original.png","R0_307_~_A_l2.png","R0_307_~_A_diff.png","R0_6955_A_N_original.png","R0_6955_A_N_diff.png","R0_6955_A_N_l2.png","R0_761_~_N_original.png","R0_761_~_N_diff.png","R0_761_~_N_l2.png","R48_1522_A_O_original.png","R48_1522_A_O_l2.png","R48_1522_A_O_diff.png","R49_5293_A_N_original.png","R49_5293_A_N_diff.png","R49_5293_A_N_l2.png","R49_572_O_A_original.png","R49_572_O_A_diff.png","R49_572_O_A_l2.png","R49_616_N_A_original.png","R49_616_N_A_l2.png","R49_616_N_A_diff.png","optionA","optionA","optionA","optionA","optionA","optionA","optionA","optionA","optionA","optionA"
"3M67TQBQQH316JYNNJA3KLGUBH89A9","3G39WTVP4COFABVCFV2XU5YQR8PL6O","Choose one image from two images","Choose one image from two images that more similar to the given reference image","image, comparison, choose, abtest","$0.30","Fri Oct 26 00:20:23 PDT 2018","80","BatchId:3413310;OriginalHitTemplateId:926158629;","7200","604800","Sat Nov 24 23:20:23 PST 2018","","","37TD41K0AIPAQXOD65BNWV7W7XPSCC","AZE7YSINS9UNZ","Submitted","Fri Oct 26 01:44:08 PDT 2018","Fri Oct 26 02:31:38 PDT 2018","Fri Nov 02 02:31:38 PDT 2018","","","","2850","0% (0/0)","0% (0/0)","0% (0/0)","R0_1154_O_N_original.png","R0_1154_O_N_l2.png","R0_1154_O_N_diff.png","R0_131_O_A_original.png","R0_131_O_A_diff.png","R0_131_O_A_l2.png","R0_26_N_A_original.png","R0_26_N_A_l2.png","R0_26_N_A_diff.png","R0_307_~_A_original.png","R0_307_~_A_l2.png","R0_307_~_A_diff.png","R0_6955_A_N_original.png","R0_6955_A_N_diff.png","R0_6955_A_N_l2.png","R0_761_~_N_original.png","R0_761_~_N_diff.png","R0_761_~_N_l2.png","R48_1522_A_O_original.png","R48_1522_A_O_l2.png","R48_1522_A_O_diff.png","R49_5293_A_N_original.png","R49_5293_A_N_diff.png","R49_5293_A_N_l2.png","R49_572_O_A_original.png","R49_572_O_A_diff.png","R49_572_O_A_l2.png","R49_616_N_A_original.png","R49_616_N_A_l2.png","R49_616_N_A_diff.png","optionA","optionB","optionB","optionA","optionB","optionA","optionA","optionB","optionA","optionA"
"3M67TQBQQH316JYNNJA3KLGUBH89A9","3G39WTVP4COFABVCFV2XU5YQR8PL6O","Choose one image from two images","Choose one image from two images that more similar to the given reference image","image, comparison, choose, abtest","$0.30","Fri Oct 26 00:20:23 PDT 2018","80","BatchId:3413310;OriginalHitTemplateId:926158629;","7200","604800","Sat Nov 24 23:20:23 PST 2018","","","37UQDCYH6YBK68AL9J8HRWZP5PM7VV","A218ZG7O83ZQZ6","Submitted","Fri Oct 26 00:21:00 PDT 2018","Fri Oct 26 00:25:44 PDT 2018","Fri Nov 02 00:25:44 PDT 2018","","","","284","0% (0/0)","0% (0/0)","0% (0/0)","R0_1154_O_N_original.png","R0_1154_O_N_l2.png","R0_1154_O_N_diff.png","R0_131_O_A_original.png","R0_131_O_A_diff.png","R0_131_O_A_l2.png","R0_26_N_A_original.png","R0_26_N_A_l2.png","R0_26_N_A_diff.png","R0_307_~_A_original.png","R0_307_~_A_l2.png","R0_307_~_A_diff.png","R0_6955_A_N_original.png","R0_6955_A_N_diff.png","R0_6955_A_N_l2.png","R0_761_~_N_original.png","R0_761_~_N_diff.png","R0_761_~_N_l2.png","R48_1522_A_O_original.png","R48_1522_A_O_l2.png","R48_1522_A_O_diff.png","R49_5293_A_N_original.png","R49_5293_A_N_diff.png","R49_5293_A_N_l2.png","R49_572_O_A_original.png","R49_572_O_A_diff.png","R49_572_O_A_l2.png","R49_616_N_A_original.png","R49_616_N_A_l2.png","R49_616_N_A_diff.png","optionA","optionB","optionA","optionB","optionB","optionA","optionA","optionB","optionB","optionA"
"3M67TQBQQH316JYNNJA3KLGUBH89A9","3G39WTVP4COFABVCFV2XU5YQR8PL6O","Choose one image from two images","Choose one image from two images that more similar to the given reference image","image, comparison, choose, abtest","$0.30","Fri Oct 26 00:20:23 PDT 2018","80","BatchId:3413310;OriginalHitTemplateId:926158629;","7200","604800","Sat Nov 24 23:20:23 PST 2018","","","37XITHEISXPYPIO0RGBI6L20LV6CR8","A2KNDTYE4PUIQ1","Submitted","Fri Oct 26 01:28:39 PDT 2018","Fri Oct 26 01:33:27 PDT 2018","Fri Nov 02 01:33:27 PDT 2018","","","","288","0% (0/0)","0% (0/0)","0% (0/0)","R0_1154_O_N_original.png","R0_1154_O_N_l2.png","R0_1154_O_N_diff.png","R0_131_O_A_original.png","R0_131_O_A_diff.png","R0_131_O_A_l2.png","R0_26_N_A_original.png","R0_26_N_A_l2.png","R0_26_N_A_diff.png","R0_307_~_A_original.png","R0_307_~_A_l2.png","R0_307_~_A_diff.png","R0_6955_A_N_original.png","R0_6955_A_N_diff.png","R0_6955_A_N_l2.png","R0_761_~_N_original.png","R0_761_~_N_diff.png","R0_761_~_N_l2.png","R48_1522_A_O_original.png","R48_1522_A_O_l2.png","R48_1522_A_O_diff.png","R49_5293_A_N_original.png","R49_5293_A_N_diff.png","R49_5293_A_N_l2.png","R49_572_O_A_original.png","R49_572_O_A_diff.png","R49_572_O_A_l2.png","R49_616_N_A_original.png","R49_616_N_A_l2.png","R49_616_N_A_diff.png","optionA","optionB","optionA","optionA","optionA","optionB","optionB","optionA","optionB","optionB"
"3M67TQBQQH316JYNNJA3KLGUBH89A9","3G39WTVP4COFABVCFV2XU5YQR8PL6O","Choose one image from two images","Choose one image from two images that more similar to the given reference image","image, comparison, choose, abtest","$0.30","Fri Oct 26 00:20:23 PDT 2018","80","BatchId:3413310;OriginalHitTemplateId:926158629;","7200","604800","Sat Nov 24 23:20:23 PST 2018","","","386PBUZZXGDAUYZTWOV87D6W5MLJLW","A2AMYX1J96G2JG","Submitted","Fri Oct 26 00:38:19 PDT 2018","Fri Oct 26 00:43:25 PDT 2018","Fri Nov 02 00:43:25 PDT 2018","","","","306","0% (0/0)","0% (0/0)","0% (0/0)","R0_1154_O_N_original.png","R0_1154_O_N_l2.png","R0_1154_O_N_diff.png","R0_131_O_A_original.png","R0_131_O_A_diff.png","R0_131_O_A_l2.png","R0_26_N_A_original.png","R0_26_N_A_l2.png","R0_26_N_A_diff.png","R0_307_~_A_original.png","R0_307_~_A_l2.png","R0_307_~_A_diff.png","R0_6955_A_N_original.png","R0_6955_A_N_diff.png","R0_6955_A_N_l2.png","R0_761_~_N_original.png","R0_761_~_N_diff.png","R0_761_~_N_l2.png","R48_1522_A_O_original.png","R48_1522_A_O_l2.png","R48_1522_A_O_diff.png","R49_5293_A_N_original.png","R49_5293_A_N_diff.png","R49_5293_A_N_l2.png","R49_572_O_A_original.png","R49_572_O_A_diff.png","R49_572_O_A_l2.png","R49_616_N_A_original.png","R49_616_N_A_l2.png","R49_616_N_A_diff.png","optionA","optionB","optionA","optionB","optionA","optionA","optionA","optionA","optionB","optionA"
"3M67TQBQQH316JYNNJA3KLGUBH89A9","3G39WTVP4COFABVCFV2XU5YQR8PL6O","Choose one image from two images","Choose one image from two images that more similar to the given reference image","image, comparison, choose, abtest","$0.30","Fri Oct 26 00:20:23 PDT 2018","80","BatchId:3413310;OriginalHitTemplateId:926158629;","7200","604800","Sat Nov 24 23:20:23 PST 2018","","","39GXDJN2OUUO6MF4JO0N5WVKG9TV87","A3PT15XRN1X8VE","Submitted","Fri Oct 26 00:37:53 PDT 2018","Fri Oct 26 00:47:25 PDT 2018","Fri Nov 02 00:47:25 PDT 2018","","","","572","0% (0/0)","0% (0/0)","0% (0/0)","R0_1154_O_N_original.png","R0_1154_O_N_l2.png","R0_1154_O_N_diff.png","R0_131_O_A_original.png","R0_131_O_A_diff.png","R0_131_O_A_l2.png","R0_26_N_A_original.png","R0_26_N_A_l2.png","R0_26_N_A_diff.png","R0_307_~_A_original.png","R0_307_~_A_l2.png","R0_307_~_A_diff.png","R0_6955_A_N_original.png","R0_6955_A_N_diff.png","R0_6955_A_N_l2.png","R0_761_~_N_original.png","R0_761_~_N_diff.png","R0_761_~_N_l2.png","R48_1522_A_O_original.png","R48_1522_A_O_l2.png","R48_1522_A_O_diff.png","R49_5293_A_N_original.png","R49_5293_A_N_diff.png","R49_5293_A_N_l2.png","R49_572_O_A_original.png","R49_572_O_A_diff.png","R49_572_O_A_l2.png","R49_616_N_A_original.png","R49_616_N_A_l2.png","R49_616_N_A_diff.png","optionB","optionA","optionB","optionA","optionB","optionB","optionA","optionB","optionB","optionB"
"3M67TQBQQH316JYNNJA3KLGUBH89A9","3G39WTVP4COFABVCFV2XU5YQR8PL6O","Choose one image from two images","Choose one image from two images that more similar to the given reference image","image, comparison, choose, abtest","$0.30","Fri Oct 26 00:20:23 PDT 2018","80","BatchId:3413310;OriginalHitTemplateId:926158629;","7200","604800","Sat Nov 24 23:20:23 PST 2018","","","3A0EX8ZRN94OCE8GRB7H3XPF6WGYBI","A1Y2N49VMVJ7C6","Submitted","Fri Oct 26 00:38:32 PDT 2018","Fri Oct 26 00:40:41 PDT 2018","Fri Nov 02 00:40:41 PDT 2018","","","","129","0% (0/0)","0% (0/0)","0% (0/0)","R0_1154_O_N_original.png","R0_1154_O_N_l2.png","R0_1154_O_N_diff.png","R0_131_O_A_original.png","R0_131_O_A_diff.png","R0_131_O_A_l2.png","R0_26_N_A_original.png","R0_26_N_A_l2.png","R0_26_N_A_diff.png","R0_307_~_A_original.png","R0_307_~_A_l2.png","R0_307_~_A_diff.png","R0_6955_A_N_original.png","R0_6955_A_N_diff.png","R0_6955_A_N_l2.png","R0_761_~_N_original.png","R0_761_~_N_diff.png","R0_761_~_N_l2.png","R48_1522_A_O_original.png","R48_1522_A_O_l2.png","R48_1522_A_O_diff.png","R49_5293_A_N_original.png","R49_5293_A_N_diff.png","R49_5293_A_N_l2.png","R49_572_O_A_original.png","R49_572_O_A_diff.png","R49_572_O_A_l2.png","R49_616_N_A_original.png","R49_616_N_A_l2.png","R49_616_N_A_diff.png","optionA","optionB","optionA","optionB","optionB","optionA","optionA","optionA","optionA","optionA"
"3M67TQBQQH316JYNNJA3KLGUBH89A9","3G39WTVP4COFABVCFV2XU5YQR8PL6O","Choose one image from two images","Choose one image from two images that more similar to the given reference image","image, comparison, choose, abtest","$0.30","Fri Oct 26 00:20:23 PDT 2018","80","BatchId:3413310;OriginalHitTemplateId:926158629;","7200","604800","Sat Nov 24 23:20:23 PST 2018","","","3A1PQ49WVIX1DL0ZFEA4BLH3UODH1K","A2KH9SC6A8VQXZ","Submitted","Fri Oct 26 00:40:33 PDT 2018","Fri Oct 26 00:45:28 PDT 2018","Fri Nov 02 00:45:28 PDT 2018","","","","295","0% (0/0)","0% (0/0)","0% (0/0)","R0_1154_O_N_original.png","R0_1154_O_N_l2.png","R0_1154_O_N_diff.png","R0_131_O_A_original.png","R0_131_O_A_diff.png","R0_131_O_A_l2.png","R0_26_N_A_original.png","R0_26_N_A_l2.png","R0_26_N_A_diff.png","R0_307_~_A_original.png","R0_307_~_A_l2.png","R0_307_~_A_diff.png","R0_6955_A_N_original.png","R0_6955_A_N_diff.png","R0_6955_A_N_l2.png","R0_761_~_N_original.png","R0_761_~_N_diff.png","R0_761_~_N_l2.png","R48_1522_A_O_original.png","R48_1522_A_O_l2.png","R48_1522_A_O_diff.png","R49_5293_A_N_original.png","R49_5293_A_N_diff.png","R49_5293_A_N_l2.png","R49_572_O_A_original.png","R49_572_O_A_diff.png","R49_572_O_A_l2.png","R49_616_N_A_original.png","R49_616_N_A_l2.png","R49_616_N_A_diff.png","optionA","optionB","optionB","optionB","optionB","optionB","optionA","optionA","optionA","optionA"
"3M67TQBQQH316JYNNJA3KLGUBH89A9","3G39WTVP4COFABVCFV2XU5YQR8PL6O","Choose one image from two images","Choose one image from two images that more similar to the given reference image","image, comparison, choose, abtest","$0.30","Fri Oct 26 00:20:23 PDT 2018","80","BatchId:3413310;OriginalHitTemplateId:926158629;","7200","604800","Sat Nov 24 23:20:23 PST 2018","","","3AAJC4I4FH8UZNGXBPMHFSHUKVSJZE","A38QR6HP33J0JE","Submitted","Fri Oct 26 00:20:54 PDT 2018","Fri Oct 26 00:44:54 PDT 2018","Fri Nov 02 00:44:54 PDT 2018","","","","1440","0% (0/0)","0% (0/0)","0% (0/0)","R0_1154_O_N_original.png","R0_1154_O_N_l2.png","R0_1154_O_N_diff.png","R0_131_O_A_original.png","R0_131_O_A_diff.png","R0_131_O_A_l2.png","R0_26_N_A_original.png","R0_26_N_A_l2.png","R0_26_N_A_diff.png","R0_307_~_A_original.png","R0_307_~_A_l2.png","R0_307_~_A_diff.png","R0_6955_A_N_original.png","R0_6955_A_N_diff.png","R0_6955_A_N_l2.png","R0_761_~_N_original.png","R0_761_~_N_diff.png","R0_761_~_N_l2.png","R48_1522_A_O_original.png","R48_1522_A_O_l2.png","R48_1522_A_O_diff.png","R49_5293_A_N_original.png","R49_5293_A_N_diff.png","R49_5293_A_N_l2.png","R49_572_O_A_original.png","R49_572_O_A_diff.png","R49_572_O_A_l2.png","R49_616_N_A_original.png","R49_616_N_A_l2.png","R49_616_N_A_diff.png","optionB","optionB","optionB","optionA","optionB","optionB","optionB","optionB","optionB","optionB"
"3M67TQBQQH316JYNNJA3KLGUBH89A9","3G39WTVP4COFABVCFV2XU5YQR8PL6O","Choose one image from two images","Choose one image from two images that more similar to the given reference image","image, comparison, choose, abtest","$0.30","Fri Oct 26 00:20:23 PDT 2018","80","BatchId:3413310;OriginalHitTemplateId:926158629;","7200","604800","Sat Nov 24 23:20:23 PST 2018","","","3AAJC4I4FH8UZNGXBPMHFSHUKWXJZL","AMYURTQIMAC8T","Submitted","Fri Oct 26 01:24:11 PDT 2018","Fri Oct 26 01:25:13 PDT 2018","Fri Nov 02 01:25:13 PDT 2018","","","","62","0% (0/0)","0% (0/0)","0% (0/0)","R0_1154_O_N_original.png","R0_1154_O_N_l2.png","R0_1154_O_N_diff.png","R0_131_O_A_original.png","R0_131_O_A_diff.png","R0_131_O_A_l2.png","R0_26_N_A_original.png","R0_26_N_A_l2.png","R0_26_N_A_diff.png","R0_307_~_A_original.png","R0_307_~_A_l2.png","R0_307_~_A_diff.png","R0_6955_A_N_original.png","R0_6955_A_N_diff.png","R0_6955_A_N_l2.png","R0_761_~_N_original.png","R0_761_~_N_diff.png","R0_761_~_N_l2.png","R48_1522_A_O_original.png","R48_1522_A_O_l2.png","R48_1522_A_O_diff.png","R49_5293_A_N_original.png","R49_5293_A_N_diff.png","R49_5293_A_N_l2.png","R49_572_O_A_original.png","R49_572_O_A_diff.png","R49_572_O_A_l2.png","R49_616_N_A_original.png","R49_616_N_A_l2.png","R49_616_N_A_diff.png","optionB","optionB","optionA","optionA","optionA","optionB","optionA","optionA","optionA","optionB"
"3M67TQBQQH316JYNNJA3KLGUBH89A9","3G39WTVP4COFABVCFV2XU5YQR8PL6O","Choose one image from two images","Choose one image from two images that more similar to the given reference image","image, comparison, choose, abtest","$0.30","Fri Oct 26 00:20:23 PDT 2018","80","BatchId:3413310;OriginalHitTemplateId:926158629;","7200","604800","Sat Nov 24 23:20:23 PST 2018","","","3BWI6RSP7HP34XOZETJ7RSB35UK7EQ","A22JTMBADARX55","Submitted","Fri Oct 26 00:30:36 PDT 2018","Fri Oct 26 00:35:28 PDT 2018","Fri Nov 02 00:35:28 PDT 2018","","","","292","0% (0/0)","0% (0/0)","0% (0/0)","R0_1154_O_N_original.png","R0_1154_O_N_l2.png","R0_1154_O_N_diff.png","R0_131_O_A_original.png","R0_131_O_A_diff.png","R0_131_O_A_l2.png","R0_26_N_A_original.png","R0_26_N_A_l2.png","R0_26_N_A_diff.png","R0_307_~_A_original.png","R0_307_~_A_l2.png","R0_307_~_A_diff.png","R0_6955_A_N_original.png","R0_6955_A_N_diff.png","R0_6955_A_N_l2.png","R0_761_~_N_original.png","R0_761_~_N_diff.png","R0_761_~_N_l2.png","R48_1522_A_O_original.png","R48_1522_A_O_l2.png","R48_1522_A_O_diff.png","R49_5293_A_N_original.png","R49_5293_A_N_diff.png","R49_5293_A_N_l2.png","R49_572_O_A_original.png","R49_572_O_A_diff.png","R49_572_O_A_l2.png","R49_616_N_A_original.png","R49_616_N_A_l2.png","R49_616_N_A_diff.png","optionB","optionB","optionB","optionB","optionA","optionA","optionA","optionB","optionA","optionB"
"3M67TQBQQH316JYNNJA3KLGUBH89A9","3G39WTVP4COFABVCFV2XU5YQR8PL6O","Choose one image from two images","Choose one image from two images that more similar to the given reference image","image, comparison, choose, abtest","$0.30","Fri Oct 26 00:20:23 PDT 2018","80","BatchId:3413310;OriginalHitTemplateId:926158629;","7200","604800","Sat Nov 24 23:20:23 PST 2018","","","3C8HJ7UOP8AK0VMIEMZ9VK9BOPNMZL","AYMA9R47TWK1H","Submitted","Fri Oct 26 00:21:40 PDT 2018","Fri Oct 26 00:23:18 PDT 2018","Fri Nov 02 00:23:18 PDT 2018","","","","98","0% (0/0)","0% (0/0)","0% (0/0)","R0_1154_O_N_original.png","R0_1154_O_N_l2.png","R0_1154_O_N_diff.png","R0_131_O_A_original.png","R0_131_O_A_diff.png","R0_131_O_A_l2.png","R0_26_N_A_original.png","R0_26_N_A_l2.png","R0_26_N_A_diff.png","R0_307_~_A_original.png","R0_307_~_A_l2.png","R0_307_~_A_diff.png","R0_6955_A_N_original.png","R0_6955_A_N_diff.png","R0_6955_A_N_l2.png","R0_761_~_N_original.png","R0_761_~_N_diff.png","R0_761_~_N_l2.png","R48_1522_A_O_original.png","R48_1522_A_O_l2.png","R48_1522_A_O_diff.png","R49_5293_A_N_original.png","R49_5293_A_N_diff.png","R49_5293_A_N_l2.png","R49_572_O_A_original.png","R49_572_O_A_diff.png","R49_572_O_A_l2.png","R49_616_N_A_original.png","R49_616_N_A_l2.png","R49_616_N_A_diff.png","optionA","optionB","optionB","optionA","optionA","optionB","optionA","optionA","optionA","optionA"
"3M67TQBQQH316JYNNJA3KLGUBH89A9","3G39WTVP4COFABVCFV2XU5YQR8PL6O","Choose one image from two images","Choose one image from two images that more similar to the given reference image","image, comparison, choose, abtest","$0.30","Fri Oct 26 00:20:23 PDT 2018","80","BatchId:3413310;OriginalHitTemplateId:926158629;","7200","604800","Sat Nov 24 23:20:23 PST 2018","","","3CPLWGV3MPFBCMP5MPKAVBWIEC8N96","A2Z9HR2IBD75R9","Submitted","Fri Oct 26 00:22:35 PDT 2018","Fri Oct 26 01:09:09 PDT 2018","Fri Nov 02 01:09:09 PDT 2018","","","","2794","0% (0/0)","0% (0/0)","0% (0/0)","R0_1154_O_N_original.png","R0_1154_O_N_l2.png","R0_1154_O_N_diff.png","R0_131_O_A_original.png","R0_131_O_A_diff.png","R0_131_O_A_l2.png","R0_26_N_A_original.png","R0_26_N_A_l2.png","R0_26_N_A_diff.png","R0_307_~_A_original.png","R0_307_~_A_l2.png","R0_307_~_A_diff.png","R0_6955_A_N_original.png","R0_6955_A_N_diff.png","R0_6955_A_N_l2.png","R0_761_~_N_original.png","R0_761_~_N_diff.png","R0_761_~_N_l2.png","R48_1522_A_O_original.png","R48_1522_A_O_l2.png","R48_1522_A_O_diff.png","R49_5293_A_N_original.png","R49_5293_A_N_diff.png","R49_5293_A_N_l2.png","R49_572_O_A_original.png","R49_572_O_A_diff.png","R49_572_O_A_l2.png","R49_616_N_A_original.png","R49_616_N_A_l2.png","R49_616_N_A_diff.png","optionA","optionB","optionB","optionA","optionA","optionA","optionA","optionB","optionB","optionA"
"3M67TQBQQH316JYNNJA3KLGUBH89A9","3G39WTVP4COFABVCFV2XU5YQR8PL6O","Choose one image from two images","Choose one image from two images that more similar to the given reference image","image, comparison, choose, abtest","$0.30","Fri Oct 26 00:20:23 PDT 2018","80","BatchId:3413310;OriginalHitTemplateId:926158629;","7200","604800","Sat Nov 24 23:20:23 PST 2018","","","3DEL4X4EL71VPHBHW7ZZSUG7PZ3XYP","A3ADP5EDYSB9HD","Submitted","Fri Oct 26 00:25:55 PDT 2018","Fri Oct 26 00:29:55 PDT 2018","Fri Nov 02 00:29:55 PDT 2018","","","","240","0% (0/0)","0% (0/0)","0% (0/0)","R0_1154_O_N_original.png","R0_1154_O_N_l2.png","R0_1154_O_N_diff.png","R0_131_O_A_original.png","R0_131_O_A_diff.png","R0_131_O_A_l2.png","R0_26_N_A_original.png","R0_26_N_A_l2.png","R0_26_N_A_diff.png","R0_307_~_A_original.png","R0_307_~_A_l2.png","R0_307_~_A_diff.png","R0_6955_A_N_original.png","R0_6955_A_N_diff.png","R0_6955_A_N_l2.png","R0_761_~_N_original.png","R0_761_~_N_diff.png","R0_761_~_N_l2.png","R48_1522_A_O_original.png","R48_1522_A_O_l2.png","R48_1522_A_O_diff.png","R49_5293_A_N_original.png","R49_5293_A_N_diff.png","R49_5293_A_N_l2.png","R49_572_O_A_original.png","R49_572_O_A_diff.png","R49_572_O_A_l2.png","R49_616_N_A_original.png","R49_616_N_A_l2.png","R49_616_N_A_diff.png","optionB","optionB","optionB","optionB","optionB","optionA","optionA","optionB","optionA","optionB"
"3M67TQBQQH316JYNNJA3KLGUBH89A9","3G39WTVP4COFABVCFV2XU5YQR8PL6O","Choose one image from two images","Choose one image from two images that more similar to the given reference image","image, comparison, choose, abtest","$0.30","Fri Oct 26 00:20:23 PDT 2018","80","BatchId:3413310;OriginalHitTemplateId:926158629;","7200","604800","Sat Nov 24 23:20:23 PST 2018","","","3DEL4X4EL71VPHBHW7ZZSUG7PZ3YXQ","A1XGHGHD0LCPXJ","Submitted","Fri Oct 26 00:28:31 PDT 2018","Fri Oct 26 00:31:44 PDT 2018","Fri Nov 02 00:31:44 PDT 2018","","","","193","0% (0/0)","0% (0/0)","0% (0/0)","R0_1154_O_N_original.png","R0_1154_O_N_l2.png","R0_1154_O_N_diff.png","R0_131_O_A_original.png","R0_131_O_A_diff.png","R0_131_O_A_l2.png","R0_26_N_A_original.png","R0_26_N_A_l2.png","R0_26_N_A_diff.png","R0_307_~_A_original.png","R0_307_~_A_l2.png","R0_307_~_A_diff.png","R0_6955_A_N_original.png","R0_6955_A_N_diff.png","R0_6955_A_N_l2.png","R0_761_~_N_original.png","R0_761_~_N_diff.png","R0_761_~_N_l2.png","R48_1522_A_O_original.png","R48_1522_A_O_l2.png","R48_1522_A_O_diff.png","R49_5293_A_N_original.png","R49_5293_A_N_diff.png","R49_5293_A_N_l2.png","R49_572_O_A_original.png","R49_572_O_A_diff.png","R49_572_O_A_l2.png","R49_616_N_A_original.png","R49_616_N_A_l2.png","R49_616_N_A_diff.png","optionB","optionB","optionB","optionB","optionB","optionA","optionA","optionB","optionB","optionB"
"3M67TQBQQH316JYNNJA3KLGUBH89A9","3G39WTVP4COFABVCFV2XU5YQR8PL6O","Choose one image from two images","Choose one image from two images that more similar to the given reference image","image, comparison, choose, abtest","$0.30","Fri Oct 26 00:20:23 PDT 2018","80","BatchId:3413310;OriginalHitTemplateId:926158629;","7200","604800","Sat Nov 24 23:20:23 PST 2018","","","3DIP6YHAPD874BTIOYBD5S7YGEQE8K","A2PFSE9ZYPJR0A","Submitted","Fri Oct 26 00:29:06 PDT 2018","Fri Oct 26 00:31:44 PDT 2018","Fri Nov 02 00:31:44 PDT 2018","","","","158","0% (0/0)","0% (0/0)","0% (0/0)","R0_1154_O_N_original.png","R0_1154_O_N_l2.png","R0_1154_O_N_diff.png","R0_131_O_A_original.png","R0_131_O_A_diff.png","R0_131_O_A_l2.png","R0_26_N_A_original.png","R0_26_N_A_l2.png","R0_26_N_A_diff.png","R0_307_~_A_original.png","R0_307_~_A_l2.png","R0_307_~_A_diff.png","R0_6955_A_N_original.png","R0_6955_A_N_diff.png","R0_6955_A_N_l2.png","R0_761_~_N_original.png","R0_761_~_N_diff.png","R0_761_~_N_l2.png","R48_1522_A_O_original.png","R48_1522_A_O_l2.png","R48_1522_A_O_diff.png","R49_5293_A_N_original.png","R49_5293_A_N_diff.png","R49_5293_A_N_l2.png","R49_572_O_A_original.png","R49_572_O_A_diff.png","R49_572_O_A_l2.png","R49_616_N_A_original.png","R49_616_N_A_l2.png","R49_616_N_A_diff.png","optionB","optionB","optionA","optionA","optionB","optionA","optionA","optionA","optionA","optionA"
"3M67TQBQQH316JYNNJA3KLGUBH89A9","3G39WTVP4COFABVCFV2XU5YQR8PL6O","Choose one image from two images","Choose one image from two images that more similar to the given reference image","image, comparison, choose, abtest","$0.30","Fri Oct 26 00:20:23 PDT 2018","80","BatchId:3413310;OriginalHitTemplateId:926158629;","7200","604800","Sat Nov 24 23:20:23 PST 2018","","","3DOCMVPBTOUW1OTZNZ3FDCR2J1PNN5","A2AHOL6JU0F0K1","Submitted","Fri Oct 26 00:23:45 PDT 2018","Fri Oct 26 00:44:06 PDT 2018","Fri Nov 02 00:44:06 PDT 2018","","","","1221","0% (0/0)","0% (0/0)","0% (0/0)","R0_1154_O_N_original.png","R0_1154_O_N_l2.png","R0_1154_O_N_diff.png","R0_131_O_A_original.png","R0_131_O_A_diff.png","R0_131_O_A_l2.png","R0_26_N_A_original.png","R0_26_N_A_l2.png","R0_26_N_A_diff.png","R0_307_~_A_original.png","R0_307_~_A_l2.png","R0_307_~_A_diff.png","R0_6955_A_N_original.png","R0_6955_A_N_diff.png","R0_6955_A_N_l2.png","R0_761_~_N_original.png","R0_761_~_N_diff.png","R0_761_~_N_l2.png","R48_1522_A_O_original.png","R48_1522_A_O_l2.png","R48_1522_A_O_diff.png","R49_5293_A_N_original.png","R49_5293_A_N_diff.png","R49_5293_A_N_l2.png","R49_572_O_A_original.png","R49_572_O_A_diff.png","R49_572_O_A_l2.png","R49_616_N_A_original.png","R49_616_N_A_l2.png","R49_616_N_A_diff.png","optionA","optionA","optionB","optionA","optionB","optionB","optionB","optionB","optionB","optionB"
"3M67TQBQQH316JYNNJA3KLGUBH89A9","3G39WTVP4COFABVCFV2XU5YQR8PL6O","Choose one image from two images","Choose one image from two images that more similar to the given reference image","image, comparison, choose, abtest","$0.30","Fri Oct 26 00:20:23 PDT 2018","80","BatchId:3413310;OriginalHitTemplateId:926158629;","7200","604800","Sat Nov 24 23:20:23 PST 2018","","","3E13VNJ1NOB19GBJLWSPBXIIU1RI1D","A1WUZOLVPEXOLE","Submitted","Fri Oct 26 00:32:14 PDT 2018","Fri Oct 26 00:33:08 PDT 2018","Fri Nov 02 00:33:08 PDT 2018","","","","54","0% (0/0)","0% (0/0)","0% (0/0)","R0_1154_O_N_original.png","R0_1154_O_N_l2.png","R0_1154_O_N_diff.png","R0_131_O_A_original.png","R0_131_O_A_diff.png","R0_131_O_A_l2.png","R0_26_N_A_original.png","R0_26_N_A_l2.png","R0_26_N_A_diff.png","R0_307_~_A_original.png","R0_307_~_A_l2.png","R0_307_~_A_diff.png","R0_6955_A_N_original.png","R0_6955_A_N_diff.png","R0_6955_A_N_l2.png","R0_761_~_N_original.png","R0_761_~_N_diff.png","R0_761_~_N_l2.png","R48_1522_A_O_original.png","R48_1522_A_O_l2.png","R48_1522_A_O_diff.png","R49_5293_A_N_original.png","R49_5293_A_N_diff.png","R49_5293_A_N_l2.png","R49_572_O_A_original.png","R49_572_O_A_diff.png","R49_572_O_A_l2.png","R49_616_N_A_original.png","R49_616_N_A_l2.png","R49_616_N_A_diff.png","optionA","optionB","optionB","optionA","optionB","optionA","optionB","optionA","optionB","optionA"
"3M67TQBQQH316JYNNJA3KLGUBH89A9","3G39WTVP4COFABVCFV2XU5YQR8PL6O","Choose one image from two images","Choose one image from two images that more similar to the given reference image","image, comparison, choose, abtest","$0.30","Fri Oct 26 00:20:23 PDT 2018","80","BatchId:3413310;OriginalHitTemplateId:926158629;","7200","604800","Sat Nov 24 23:20:23 PST 2018","","","3EICBYG645CHRU5NJB294UG9BD6CJ8","ADNSFH55XO2F8","Submitted","Fri Oct 26 00:21:06 PDT 2018","Fri Oct 26 00:23:06 PDT 2018","Fri Nov 02 00:23:06 PDT 2018","","","","120","0% (0/0)","0% (0/0)","0% (0/0)","R0_1154_O_N_original.png","R0_1154_O_N_l2.png","R0_1154_O_N_diff.png","R0_131_O_A_original.png","R0_131_O_A_diff.png","R0_131_O_A_l2.png","R0_26_N_A_original.png","R0_26_N_A_l2.png","R0_26_N_A_diff.png","R0_307_~_A_original.png","R0_307_~_A_l2.png","R0_307_~_A_diff.png","R0_6955_A_N_original.png","R0_6955_A_N_diff.png","R0_6955_A_N_l2.png","R0_761_~_N_original.png","R0_761_~_N_diff.png","R0_761_~_N_l2.png","R48_1522_A_O_original.png","R48_1522_A_O_l2.png","R48_1522_A_O_diff.png","R49_5293_A_N_original.png","R49_5293_A_N_diff.png","R49_5293_A_N_l2.png","R49_572_O_A_original.png","R49_572_O_A_diff.png","R49_572_O_A_l2.png","R49_616_N_A_original.png","R49_616_N_A_l2.png","R49_616_N_A_diff.png","optionA","optionA","optionA","optionA","optionA","optionA","optionA","optionA","optionA","optionA"
"3M67TQBQQH316JYNNJA3KLGUBH89A9","3G39WTVP4COFABVCFV2XU5YQR8PL6O","Choose one image from two images","Choose one image from two images that more similar to the given reference image","image, comparison, choose, abtest","$0.30","Fri Oct 26 00:20:23 PDT 2018","80","BatchId:3413310;OriginalHitTemplateId:926158629;","7200","604800","Sat Nov 24 23:20:23 PST 2018","","","3EWIJTFFVPNPMMOFTUYYCD1GXGF0EK","A25SORYWGW7RQC","Submitted","Fri Oct 26 00:37:32 PDT 2018","Fri Oct 26 00:39:58 PDT 2018","Fri Nov 02 00:39:58 PDT 2018","","","","146","0% (0/0)","0% (0/0)","0% (0/0)","R0_1154_O_N_original.png","R0_1154_O_N_l2.png","R0_1154_O_N_diff.png","R0_131_O_A_original.png","R0_131_O_A_diff.png","R0_131_O_A_l2.png","R0_26_N_A_original.png","R0_26_N_A_l2.png","R0_26_N_A_diff.png","R0_307_~_A_original.png","R0_307_~_A_l2.png","R0_307_~_A_diff.png","R0_6955_A_N_original.png","R0_6955_A_N_diff.png","R0_6955_A_N_l2.png","R0_761_~_N_original.png","R0_761_~_N_diff.png","R0_761_~_N_l2.png","R48_1522_A_O_original.png","R48_1522_A_O_l2.png","R48_1522_A_O_diff.png","R49_5293_A_N_original.png","R49_5293_A_N_diff.png","R49_5293_A_N_l2.png","R49_572_O_A_original.png","R49_572_O_A_diff.png","R49_572_O_A_l2.png","R49_616_N_A_original.png","R49_616_N_A_l2.png","R49_616_N_A_diff.png","optionB","optionB","optionB","optionB","optionA","optionA","optionA","optionB","optionA","optionA"
"3M67TQBQQH316JYNNJA3KLGUBH89A9","3G39WTVP4COFABVCFV2XU5YQR8PL6O","Choose one image from two images","Choose one image from two images that more similar to the given reference image","image, comparison, choose, abtest","$0.30","Fri Oct 26 00:20:23 PDT 2018","80","BatchId:3413310;OriginalHitTemplateId:926158629;","7200","604800","Sat Nov 24 23:20:23 PST 2018","","","3FDJT1UU75OR3T2QMMFDR3ACYLK5KS","A32DRYN7M7HIZT","Submitted","Fri Oct 26 00:21:15 PDT 2018","Fri Oct 26 00:24:04 PDT 2018","Fri Nov 02 00:24:04 PDT 2018","","","","169","100% (21/21)","100% (21/21)","100% (21/21)","R0_1154_O_N_original.png","R0_1154_O_N_l2.png","R0_1154_O_N_diff.png","R0_131_O_A_original.png","R0_131_O_A_diff.png","R0_131_O_A_l2.png","R0_26_N_A_original.png","R0_26_N_A_l2.png","R0_26_N_A_diff.png","R0_307_~_A_original.png","R0_307_~_A_l2.png","R0_307_~_A_diff.png","R0_6955_A_N_original.png","R0_6955_A_N_diff.png","R0_6955_A_N_l2.png","R0_761_~_N_original.png","R0_761_~_N_diff.png","R0_761_~_N_l2.png","R48_1522_A_O_original.png","R48_1522_A_O_l2.png","R48_1522_A_O_diff.png","R49_5293_A_N_original.png","R49_5293_A_N_diff.png","R49_5293_A_N_l2.png","R49_572_O_A_original.png","R49_572_O_A_diff.png","R49_572_O_A_l2.png","R49_616_N_A_original.png","R49_616_N_A_l2.png","R49_616_N_A_diff.png","optionB","optionB","optionA","optionB","optionB","optionA","optionA","optionB","optionA","optionB"
"3M67TQBQQH316JYNNJA3KLGUBH89A9","3G39WTVP4COFABVCFV2XU5YQR8PL6O","Choose one image from two images","Choose one image from two images that more similar to the given reference image","image, comparison, choose, abtest","$0.30","Fri Oct 26 00:20:23 PDT 2018","80","BatchId:3413310;OriginalHitTemplateId:926158629;","7200","604800","Sat Nov 24 23:20:23 PST 2018","","","3FIJLY1B6VKKGHSV5QXU9WNOHQCFPW","A2KBTDHM44J7X4","Submitted","Fri Oct 26 04:02:37 PDT 2018","Fri Oct 26 04:04:33 PDT 2018","Fri Nov 02 04:04:33 PDT 2018","","","","116","0% (0/0)","0% (0/0)","0% (0/0)","R0_1154_O_N_original.png","R0_1154_O_N_l2.png","R0_1154_O_N_diff.png","R0_131_O_A_original.png","R0_131_O_A_diff.png","R0_131_O_A_l2.png","R0_26_N_A_original.png","R0_26_N_A_l2.png","R0_26_N_A_diff.png","R0_307_~_A_original.png","R0_307_~_A_l2.png","R0_307_~_A_diff.png","R0_6955_A_N_original.png","R0_6955_A_N_diff.png","R0_6955_A_N_l2.png","R0_761_~_N_original.png","R0_761_~_N_diff.png","R0_761_~_N_l2.png","R48_1522_A_O_original.png","R48_1522_A_O_l2.png","R48_1522_A_O_diff.png","R49_5293_A_N_original.png","R49_5293_A_N_diff.png","R49_5293_A_N_l2.png","R49_572_O_A_original.png","R49_572_O_A_diff.png","R49_572_O_A_l2.png","R49_616_N_A_original.png","R49_616_N_A_l2.png","R49_616_N_A_diff.png","optionB","optionB","optionB","optionA","optionB","optionA","optionB","optionB","optionB","optionA"
"3M67TQBQQH316JYNNJA3KLGUBH89A9","3G39WTVP4COFABVCFV2XU5YQR8PL6O","Choose one image from two images","Choose one image from two images that more similar to the given reference image","image, comparison, choose, abtest","$0.30","Fri Oct 26 00:20:23 PDT 2018","80","BatchId:3413310;OriginalHitTemplateId:926158629;","7200","604800","Sat Nov 24 23:20:23 PST 2018","","","3FQ5JJ512M4VTI8WQMBZLKAYP6KNK0","A4H1NYJVE7C53","Submitted","Fri Oct 26 00:23:19 PDT 2018","Fri Oct 26 00:36:44 PDT 2018","Fri Nov 02 00:36:44 PDT 2018","","","","805","0% (0/0)","0% (0/0)","0% (0/0)","R0_1154_O_N_original.png","R0_1154_O_N_l2.png","R0_1154_O_N_diff.png","R0_131_O_A_original.png","R0_131_O_A_diff.png","R0_131_O_A_l2.png","R0_26_N_A_original.png","R0_26_N_A_l2.png","R0_26_N_A_diff.png","R0_307_~_A_original.png","R0_307_~_A_l2.png","R0_307_~_A_diff.png","R0_6955_A_N_original.png","R0_6955_A_N_diff.png","R0_6955_A_N_l2.png","R0_761_~_N_original.png","R0_761_~_N_diff.png","R0_761_~_N_l2.png","R48_1522_A_O_original.png","R48_1522_A_O_l2.png","R48_1522_A_O_diff.png","R49_5293_A_N_original.png","R49_5293_A_N_diff.png","R49_5293_A_N_l2.png","R49_572_O_A_original.png","R49_572_O_A_diff.png","R49_572_O_A_l2.png","R49_616_N_A_original.png","R49_616_N_A_l2.png","R49_616_N_A_diff.png","optionA","optionB","optionA","optionB","optionB","optionA","optionA","optionB","optionA","optionA"
"3M67TQBQQH316JYNNJA3KLGUBH89A9","3G39WTVP4COFABVCFV2XU5YQR8PL6O","Choose one image from two images","Choose one image from two images that more similar to the given reference image","image, comparison, choose, abtest","$0.30","Fri Oct 26 00:20:23 PDT 2018","80","BatchId:3413310;OriginalHitTemplateId:926158629;","7200","604800","Sat Nov 24 23:20:23 PST 2018","","","3FTOP5WARG4XX2A77V9P9TE82O9J0M","A3HL2LL0LEPZT8","Submitted","Fri Oct 26 00:24:37 PDT 2018","Fri Oct 26 00:29:17 PDT 2018","Fri Nov 02 00:29:17 PDT 2018","","","","280","0% (0/0)","0% (0/0)","0% (0/0)","R0_1154_O_N_original.png","R0_1154_O_N_l2.png","R0_1154_O_N_diff.png","R0_131_O_A_original.png","R0_131_O_A_diff.png","R0_131_O_A_l2.png","R0_26_N_A_original.png","R0_26_N_A_l2.png","R0_26_N_A_diff.png","R0_307_~_A_original.png","R0_307_~_A_l2.png","R0_307_~_A_diff.png","R0_6955_A_N_original.png","R0_6955_A_N_diff.png","R0_6955_A_N_l2.png","R0_761_~_N_original.png","R0_761_~_N_diff.png","R0_761_~_N_l2.png","R48_1522_A_O_original.png","R48_1522_A_O_l2.png","R48_1522_A_O_diff.png","R49_5293_A_N_original.png","R49_5293_A_N_diff.png","R49_5293_A_N_l2.png","R49_572_O_A_original.png","R49_572_O_A_diff.png","R49_572_O_A_l2.png","R49_616_N_A_original.png","R49_616_N_A_l2.png","R49_616_N_A_diff.png","optionB","optionA","optionB","optionA","optionA","optionA","optionB","optionB","optionB","optionA"
"3M67TQBQQH316JYNNJA3KLGUBH89A9","3G39WTVP4COFABVCFV2XU5YQR8PL6O","Choose one image from two images","Choose one image from two images that more similar to the given reference image","image, comparison, choose, abtest","$0.30","Fri Oct 26 00:20:23 PDT 2018","80","BatchId:3413310;OriginalHitTemplateId:926158629;","7200","604800","Sat Nov 24 23:20:23 PST 2018","","","3GA6AFUKOP4XNOEE2IONZEW0S8QH3B","A2TZDN1NZBZ3V6","Submitted","Fri Oct 26 00:29:11 PDT 2018","Fri Oct 26 00:32:14 PDT 2018","Fri Nov 02 00:32:14 PDT 2018","","","","183","0% (0/0)","0% (0/0)","0% (0/0)","R0_1154_O_N_original.png","R0_1154_O_N_l2.png","R0_1154_O_N_diff.png","R0_131_O_A_original.png","R0_131_O_A_diff.png","R0_131_O_A_l2.png","R0_26_N_A_original.png","R0_26_N_A_l2.png","R0_26_N_A_diff.png","R0_307_~_A_original.png","R0_307_~_A_l2.png","R0_307_~_A_diff.png","R0_6955_A_N_original.png","R0_6955_A_N_diff.png","R0_6955_A_N_l2.png","R0_761_~_N_original.png","R0_761_~_N_diff.png","R0_761_~_N_l2.png","R48_1522_A_O_original.png","R48_1522_A_O_l2.png","R48_1522_A_O_diff.png","R49_5293_A_N_original.png","R49_5293_A_N_diff.png","R49_5293_A_N_l2.png","R49_572_O_A_original.png","R49_572_O_A_diff.png","R49_572_O_A_l2.png","R49_616_N_A_original.png","R49_616_N_A_l2.png","R49_616_N_A_diff.png","optionB","optionA","optionA","optionA","optionA","optionB","optionA","optionA","optionA","optionA"
"3M67TQBQQH316JYNNJA3KLGUBH89A9","3G39WTVP4COFABVCFV2XU5YQR8PL6O","Choose one image from two images","Choose one image from two images that more similar to the given reference image","image, comparison, choose, abtest","$0.30","Fri Oct 26 00:20:23 PDT 2018","80","BatchId:3413310;OriginalHitTemplateId:926158629;","7200","604800","Sat Nov 24 23:20:23 PST 2018","","","3H7XDTSHKD7GEQLRSWH7JBVWB17WGX","A3I31KX31R38F9","Submitted","Fri Oct 26 00:27:56 PDT 2018","Fri Oct 26 00:29:20 PDT 2018","Fri Nov 02 00:29:20 PDT 2018","","","","84","0% (0/0)","0% (0/0)","0% (0/0)","R0_1154_O_N_original.png","R0_1154_O_N_l2.png","R0_1154_O_N_diff.png","R0_131_O_A_original.png","R0_131_O_A_diff.png","R0_131_O_A_l2.png","R0_26_N_A_original.png","R0_26_N_A_l2.png","R0_26_N_A_diff.png","R0_307_~_A_original.png","R0_307_~_A_l2.png","R0_307_~_A_diff.png","R0_6955_A_N_original.png","R0_6955_A_N_diff.png","R0_6955_A_N_l2.png","R0_761_~_N_original.png","R0_761_~_N_diff.png","R0_761_~_N_l2.png","R48_1522_A_O_original.png","R48_1522_A_O_l2.png","R48_1522_A_O_diff.png","R49_5293_A_N_original.png","R49_5293_A_N_diff.png","R49_5293_A_N_l2.png","R49_572_O_A_original.png","R49_572_O_A_diff.png","R49_572_O_A_l2.png","R49_616_N_A_original.png","R49_616_N_A_l2.png","R49_616_N_A_diff.png","optionB","optionA","optionB","optionB","optionA","optionA","optionA","optionB","optionA","optionA"
"3M67TQBQQH316JYNNJA3KLGUBH89A9","3G39WTVP4COFABVCFV2XU5YQR8PL6O","Choose one image from two images","Choose one image from two images that more similar to the given reference image","image, comparison, choose, abtest","$0.30","Fri Oct 26 00:20:23 PDT 2018","80","BatchId:3413310;OriginalHitTemplateId:926158629;","7200","604800","Sat Nov 24 23:20:23 PST 2018","","","3H8DHMCCWARM76HJ1SXWPFY4B2IKDF","A6KOTWP7N7RLU","Submitted","Fri Oct 26 00:21:57 PDT 2018","Fri Oct 26 00:27:51 PDT 2018","Fri Nov 02 00:27:51 PDT 2018","","","","354","0% (0/0)","0% (0/0)","0% (0/0)","R0_1154_O_N_original.png","R0_1154_O_N_l2.png","R0_1154_O_N_diff.png","R0_131_O_A_original.png","R0_131_O_A_diff.png","R0_131_O_A_l2.png","R0_26_N_A_original.png","R0_26_N_A_l2.png","R0_26_N_A_diff.png","R0_307_~_A_original.png","R0_307_~_A_l2.png","R0_307_~_A_diff.png","R0_6955_A_N_original.png","R0_6955_A_N_diff.png","R0_6955_A_N_l2.png","R0_761_~_N_original.png","R0_761_~_N_diff.png","R0_761_~_N_l2.png","R48_1522_A_O_original.png","R48_1522_A_O_l2.png","R48_1522_A_O_diff.png","R49_5293_A_N_original.png","R49_5293_A_N_diff.png","R49_5293_A_N_l2.png","R49_572_O_A_original.png","R49_572_O_A_diff.png","R49_572_O_A_l2.png","R49_616_N_A_original.png","R49_616_N_A_l2.png","R49_616_N_A_diff.png","optionA","optionB","optionA","optionB","optionB","optionB","optionA","optionB","optionB","optionA"
"3M67TQBQQH316JYNNJA3KLGUBH89A9","3G39WTVP4COFABVCFV2XU5YQR8PL6O","Choose one image from two images","Choose one image from two images that more similar to the given reference image","image, comparison, choose, abtest","$0.30","Fri Oct 26 00:20:23 PDT 2018","80","BatchId:3413310;OriginalHitTemplateId:926158629;","7200","604800","Sat Nov 24 23:20:23 PST 2018","","","3HMVI3QICK8NZGQOPEESXLC6KKQ1Y3","A9MYC5IGQ2DO4","Submitted","Fri Oct 26 00:43:17 PDT 2018","Fri Oct 26 00:47:15 PDT 2018","Fri Nov 02 00:47:15 PDT 2018","","","","238","0% (0/0)","0% (0/0)","0% (0/0)","R0_1154_O_N_original.png","R0_1154_O_N_l2.png","R0_1154_O_N_diff.png","R0_131_O_A_original.png","R0_131_O_A_diff.png","R0_131_O_A_l2.png","R0_26_N_A_original.png","R0_26_N_A_l2.png","R0_26_N_A_diff.png","R0_307_~_A_original.png","R0_307_~_A_l2.png","R0_307_~_A_diff.png","R0_6955_A_N_original.png","R0_6955_A_N_diff.png","R0_6955_A_N_l2.png","R0_761_~_N_original.png","R0_761_~_N_diff.png","R0_761_~_N_l2.png","R48_1522_A_O_original.png","R48_1522_A_O_l2.png","R48_1522_A_O_diff.png","R49_5293_A_N_original.png","R49_5293_A_N_diff.png","R49_5293_A_N_l2.png","R49_572_O_A_original.png","R49_572_O_A_diff.png","R49_572_O_A_l2.png","R49_616_N_A_original.png","R49_616_N_A_l2.png","R49_616_N_A_diff.png","optionA","optionA","optionB","optionA","optionA","optionA","optionA","optionB","optionA","optionA"
"3M67TQBQQH316JYNNJA3KLGUBH89A9","3G39WTVP4COFABVCFV2XU5YQR8PL6O","Choose one image from two images","Choose one image from two images that more similar to the given reference image","image, comparison, choose, abtest","$0.30","Fri Oct 26 00:20:23 PDT 2018","80","BatchId:3413310;OriginalHitTemplateId:926158629;","7200","604800","Sat Nov 24 23:20:23 PST 2018","","","3HQUKB7LNGUCHWLDH3DP38XABD8HHI","ATXUM0GBU5MC8","Submitted","Fri Oct 26 00:30:43 PDT 2018","Fri Oct 26 00:44:16 PDT 2018","Fri Nov 02 00:44:16 PDT 2018","","","","813","0% (0/0)","0% (0/0)","0% (0/0)","R0_1154_O_N_original.png","R0_1154_O_N_l2.png","R0_1154_O_N_diff.png","R0_131_O_A_original.png","R0_131_O_A_diff.png","R0_131_O_A_l2.png","R0_26_N_A_original.png","R0_26_N_A_l2.png","R0_26_N_A_diff.png","R0_307_~_A_original.png","R0_307_~_A_l2.png","R0_307_~_A_diff.png","R0_6955_A_N_original.png","R0_6955_A_N_diff.png","R0_6955_A_N_l2.png","R0_761_~_N_original.png","R0_761_~_N_diff.png","R0_761_~_N_l2.png","R48_1522_A_O_original.png","R48_1522_A_O_l2.png","R48_1522_A_O_diff.png","R49_5293_A_N_original.png","R49_5293_A_N_diff.png","R49_5293_A_N_l2.png","R49_572_O_A_original.png","R49_572_O_A_diff.png","R49_572_O_A_l2.png","R49_616_N_A_original.png","R49_616_N_A_l2.png","R49_616_N_A_diff.png","optionB","optionB","optionA","optionB","optionB","optionA","optionA","optionB","optionB","optionA"
"3M67TQBQQH316JYNNJA3KLGUBH89A9","3G39WTVP4COFABVCFV2XU5YQR8PL6O","Choose one image from two images","Choose one image from two images that more similar to the given reference image","image, comparison, choose, abtest","$0.30","Fri Oct 26 00:20:23 PDT 2018","80","BatchId:3413310;OriginalHitTemplateId:926158629;","7200","604800","Sat Nov 24 23:20:23 PST 2018","","","3IQ1VMJRYU04S3VGDLF595CIF59A99","AKPXWXJFLHM08","Submitted","Fri Oct 26 00:21:45 PDT 2018","Fri Oct 26 00:23:36 PDT 2018","Fri Nov 02 00:23:36 PDT 2018","","","","111","0% (0/0)","0% (0/0)","0% (0/0)","R0_1154_O_N_original.png","R0_1154_O_N_l2.png","R0_1154_O_N_diff.png","R0_131_O_A_original.png","R0_131_O_A_diff.png","R0_131_O_A_l2.png","R0_26_N_A_original.png","R0_26_N_A_l2.png","R0_26_N_A_diff.png","R0_307_~_A_original.png","R0_307_~_A_l2.png","R0_307_~_A_diff.png","R0_6955_A_N_original.png","R0_6955_A_N_diff.png","R0_6955_A_N_l2.png","R0_761_~_N_original.png","R0_761_~_N_diff.png","R0_761_~_N_l2.png","R48_1522_A_O_original.png","R48_1522_A_O_l2.png","R48_1522_A_O_diff.png","R49_5293_A_N_original.png","R49_5293_A_N_diff.png","R49_5293_A_N_l2.png","R49_572_O_A_original.png","R49_572_O_A_diff.png","R49_572_O_A_l2.png","R49_616_N_A_original.png","R49_616_N_A_l2.png","R49_616_N_A_diff.png","optionA","optionB","optionB","optionA","optionA","optionA","optionA","optionB","optionB","optionA"
"3M67TQBQQH316JYNNJA3KLGUBH89A9","3G39WTVP4COFABVCFV2XU5YQR8PL6O","Choose one image from two images","Choose one image from two images that more similar to the given reference image","image, comparison, choose, abtest","$0.30","Fri Oct 26 00:20:23 PDT 2018","80","BatchId:3413310;OriginalHitTemplateId:926158629;","7200","604800","Sat Nov 24 23:20:23 PST 2018","","","3IUZPWIU1PNLGCHAIN2MH3NPIIOKWO","ADOVF9SBJJK33","Submitted","Fri Oct 26 00:24:07 PDT 2018","Fri Oct 26 00:26:02 PDT 2018","Fri Nov 02 00:26:02 PDT 2018","","","","115","0% (0/0)","0% (0/0)","0% (0/0)","R0_1154_O_N_original.png","R0_1154_O_N_l2.png","R0_1154_O_N_diff.png","R0_131_O_A_original.png","R0_131_O_A_diff.png","R0_131_O_A_l2.png","R0_26_N_A_original.png","R0_26_N_A_l2.png","R0_26_N_A_diff.png","R0_307_~_A_original.png","R0_307_~_A_l2.png","R0_307_~_A_diff.png","R0_6955_A_N_original.png","R0_6955_A_N_diff.png","R0_6955_A_N_l2.png","R0_761_~_N_original.png","R0_761_~_N_diff.png","R0_761_~_N_l2.png","R48_1522_A_O_original.png","R48_1522_A_O_l2.png","R48_1522_A_O_diff.png","R49_5293_A_N_original.png","R49_5293_A_N_diff.png","R49_5293_A_N_l2.png","R49_572_O_A_original.png","R49_572_O_A_diff.png","R49_572_O_A_l2.png","R49_616_N_A_original.png","R49_616_N_A_l2.png","R49_616_N_A_diff.png","optionA","optionA","optionA","optionA","optionA","optionA","optionA","optionB","optionB","optionA"
"3M67TQBQQH316JYNNJA3KLGUBH89A9","3G39WTVP4COFABVCFV2XU5YQR8PL6O","Choose one image from two images","Choose one image from two images that more similar to the given reference image","image, comparison, choose, abtest","$0.30","Fri Oct 26 00:20:23 PDT 2018","80","BatchId:3413310;OriginalHitTemplateId:926158629;","7200","604800","Sat Nov 24 23:20:23 PST 2018","","","3JPSL1DZ5TFPH5ZAEVYAR672KVYANI","A3PJXTE22NL72H","Submitted","Fri Oct 26 02:02:20 PDT 2018","Fri Oct 26 02:07:29 PDT 2018","Fri Nov 02 02:07:29 PDT 2018","","","","309","0% (0/0)","0% (0/0)","0% (0/0)","R0_1154_O_N_original.png","R0_1154_O_N_l2.png","R0_1154_O_N_diff.png","R0_131_O_A_original.png","R0_131_O_A_diff.png","R0_131_O_A_l2.png","R0_26_N_A_original.png","R0_26_N_A_l2.png","R0_26_N_A_diff.png","R0_307_~_A_original.png","R0_307_~_A_l2.png","R0_307_~_A_diff.png","R0_6955_A_N_original.png","R0_6955_A_N_diff.png","R0_6955_A_N_l2.png","R0_761_~_N_original.png","R0_761_~_N_diff.png","R0_761_~_N_l2.png","R48_1522_A_O_original.png","R48_1522_A_O_l2.png","R48_1522_A_O_diff.png","R49_5293_A_N_original.png","R49_5293_A_N_diff.png","R49_5293_A_N_l2.png","R49_572_O_A_original.png","R49_572_O_A_diff.png","R49_572_O_A_l2.png","R49_616_N_A_original.png","R49_616_N_A_l2.png","R49_616_N_A_diff.png","optionA","optionB","optionB","optionA","optionA","optionA","optionA","optionA","optionB","optionB"
"3M67TQBQQH316JYNNJA3KLGUBH89A9","3G39WTVP4COFABVCFV2XU5YQR8PL6O","Choose one image from two images","Choose one image from two images that more similar to the given reference image","image, comparison, choose, abtest","$0.30","Fri Oct 26 00:20:23 PDT 2018","80","BatchId:3413310;OriginalHitTemplateId:926158629;","7200","604800","Sat Nov 24 23:20:23 PST 2018","","","3KMS4QQVK36J5QVFSYSMDF1PNFYFKL","AKH0WFAUBUKUS","Submitted","Fri Oct 26 00:23:09 PDT 2018","Fri Oct 26 00:28:18 PDT 2018","Fri Nov 02 00:28:18 PDT 2018","","","","309","0% (0/0)","0% (0/0)","0% (0/0)","R0_1154_O_N_original.png","R0_1154_O_N_l2.png","R0_1154_O_N_diff.png","R0_131_O_A_original.png","R0_131_O_A_diff.png","R0_131_O_A_l2.png","R0_26_N_A_original.png","R0_26_N_A_l2.png","R0_26_N_A_diff.png","R0_307_~_A_original.png","R0_307_~_A_l2.png","R0_307_~_A_diff.png","R0_6955_A_N_original.png","R0_6955_A_N_diff.png","R0_6955_A_N_l2.png","R0_761_~_N_original.png","R0_761_~_N_diff.png","R0_761_~_N_l2.png","R48_1522_A_O_original.png","R48_1522_A_O_l2.png","R48_1522_A_O_diff.png","R49_5293_A_N_original.png","R49_5293_A_N_diff.png","R49_5293_A_N_l2.png","R49_572_O_A_original.png","R49_572_O_A_diff.png","R49_572_O_A_l2.png","R49_616_N_A_original.png","R49_616_N_A_l2.png","R49_616_N_A_diff.png","optionA","optionB","optionB","optionA","optionB","optionA","optionA","optionB","optionA","optionA"
"3M67TQBQQH316JYNNJA3KLGUBH89A9","3G39WTVP4COFABVCFV2XU5YQR8PL6O","Choose one image from two images","Choose one image from two images that more similar to the given reference image","image, comparison, choose, abtest","$0.30","Fri Oct 26 00:20:23 PDT 2018","80","BatchId:3413310;OriginalHitTemplateId:926158629;","7200","604800","Sat Nov 24 23:20:23 PST 2018","","","3KXIR214I5WEQUU0JBQZMFI4HP424Z","A31H1O81GTSXDX","Submitted","Fri Oct 26 00:29:47 PDT 2018","Fri Oct 26 00:32:37 PDT 2018","Fri Nov 02 00:32:37 PDT 2018","","","","170","0% (0/0)","0% (0/0)","0% (0/0)","R0_1154_O_N_original.png","R0_1154_O_N_l2.png","R0_1154_O_N_diff.png","R0_131_O_A_original.png","R0_131_O_A_diff.png","R0_131_O_A_l2.png","R0_26_N_A_original.png","R0_26_N_A_l2.png","R0_26_N_A_diff.png","R0_307_~_A_original.png","R0_307_~_A_l2.png","R0_307_~_A_diff.png","R0_6955_A_N_original.png","R0_6955_A_N_diff.png","R0_6955_A_N_l2.png","R0_761_~_N_original.png","R0_761_~_N_diff.png","R0_761_~_N_l2.png","R48_1522_A_O_original.png","R48_1522_A_O_l2.png","R48_1522_A_O_diff.png","R49_5293_A_N_original.png","R49_5293_A_N_diff.png","R49_5293_A_N_l2.png","R49_572_O_A_original.png","R49_572_O_A_diff.png","R49_572_O_A_l2.png","R49_616_N_A_original.png","R49_616_N_A_l2.png","R49_616_N_A_diff.png","optionA","optionA","optionA","optionB","optionB","optionB","optionA","optionB","optionA","optionB"
"3M67TQBQQH316JYNNJA3KLGUBH89A9","3G39WTVP4COFABVCFV2XU5YQR8PL6O","Choose one image from two images","Choose one image from two images that more similar to the given reference image","image, comparison, choose, abtest","$0.30","Fri Oct 26 00:20:23 PDT 2018","80","BatchId:3413310;OriginalHitTemplateId:926158629;","7200","604800","Sat Nov 24 23:20:23 PST 2018","","","3LOZAJ85YET5OWIA3MS4JQF2AK8X28","A3NNDCMBMFK2CZ","Submitted","Fri Oct 26 00:30:09 PDT 2018","Fri Oct 26 00:32:00 PDT 2018","Fri Nov 02 00:32:00 PDT 2018","","","","111","0% (0/0)","0% (0/0)","0% (0/0)","R0_1154_O_N_original.png","R0_1154_O_N_l2.png","R0_1154_O_N_diff.png","R0_131_O_A_original.png","R0_131_O_A_diff.png","R0_131_O_A_l2.png","R0_26_N_A_original.png","R0_26_N_A_l2.png","R0_26_N_A_diff.png","R0_307_~_A_original.png","R0_307_~_A_l2.png","R0_307_~_A_diff.png","R0_6955_A_N_original.png","R0_6955_A_N_diff.png","R0_6955_A_N_l2.png","R0_761_~_N_original.png","R0_761_~_N_diff.png","R0_761_~_N_l2.png","R48_1522_A_O_original.png","R48_1522_A_O_l2.png","R48_1522_A_O_diff.png","R49_5293_A_N_original.png","R49_5293_A_N_diff.png","R49_5293_A_N_l2.png","R49_572_O_A_original.png","R49_572_O_A_diff.png","R49_572_O_A_l2.png","R49_616_N_A_original.png","R49_616_N_A_l2.png","R49_616_N_A_diff.png","optionA","optionA","optionA","optionA","optionA","optionA","optionA","optionA","optionA","optionA"
"3M67TQBQQH316JYNNJA3KLGUBH89A9","3G39WTVP4COFABVCFV2XU5YQR8PL6O","Choose one image from two images","Choose one image from two images that more similar to the given reference image","image, comparison, choose, abtest","$0.30","Fri Oct 26 00:20:23 PDT 2018","80","BatchId:3413310;OriginalHitTemplateId:926158629;","7200","604800","Sat Nov 24 23:20:23 PST 2018","","","3LPW2N6LKUI56P72G0JFXQJA0CJU5F","A3QI1RV4HQ9MOC","Submitted","Fri Oct 26 00:38:42 PDT 2018","Fri Oct 26 00:45:11 PDT 2018","Fri Nov 02 00:45:11 PDT 2018","","","","389","0% (0/0)","0% (0/0)","0% (0/0)","R0_1154_O_N_original.png","R0_1154_O_N_l2.png","R0_1154_O_N_diff.png","R0_131_O_A_original.png","R0_131_O_A_diff.png","R0_131_O_A_l2.png","R0_26_N_A_original.png","R0_26_N_A_l2.png","R0_26_N_A_diff.png","R0_307_~_A_original.png","R0_307_~_A_l2.png","R0_307_~_A_diff.png","R0_6955_A_N_original.png","R0_6955_A_N_diff.png","R0_6955_A_N_l2.png","R0_761_~_N_original.png","R0_761_~_N_diff.png","R0_761_~_N_l2.png","R48_1522_A_O_original.png","R48_1522_A_O_l2.png","R48_1522_A_O_diff.png","R49_5293_A_N_original.png","R49_5293_A_N_diff.png","R49_5293_A_N_l2.png","R49_572_O_A_original.png","R49_572_O_A_diff.png","R49_572_O_A_l2.png","R49_616_N_A_original.png","R49_616_N_A_l2.png","R49_616_N_A_diff.png","optionB","optionB","optionB","optionB","optionB","optionA","optionA","optionA","optionB","optionB"
"3M67TQBQQH316JYNNJA3KLGUBH89A9","3G39WTVP4COFABVCFV2XU5YQR8PL6O","Choose one image from two images","Choose one image from two images that more similar to the given reference image","image, comparison, choose, abtest","$0.30","Fri Oct 26 00:20:23 PDT 2018","80","BatchId:3413310;OriginalHitTemplateId:926158629;","7200","604800","Sat Nov 24 23:20:23 PST 2018","","","3LWJHTCVCD25GTTA53CJ91DYMLRFQE","A34SLWTNACPBMO","Submitted","Fri Oct 26 00:35:03 PDT 2018","Fri Oct 26 02:04:44 PDT 2018","Fri Nov 02 02:04:44 PDT 2018","","","","5381","0% (0/0)","0% (0/0)","0% (0/0)","R0_1154_O_N_original.png","R0_1154_O_N_l2.png","R0_1154_O_N_diff.png","R0_131_O_A_original.png","R0_131_O_A_diff.png","R0_131_O_A_l2.png","R0_26_N_A_original.png","R0_26_N_A_l2.png","R0_26_N_A_diff.png","R0_307_~_A_original.png","R0_307_~_A_l2.png","R0_307_~_A_diff.png","R0_6955_A_N_original.png","R0_6955_A_N_diff.png","R0_6955_A_N_l2.png","R0_761_~_N_original.png","R0_761_~_N_diff.png","R0_761_~_N_l2.png","R48_1522_A_O_original.png","R48_1522_A_O_l2.png","R48_1522_A_O_diff.png","R49_5293_A_N_original.png","R49_5293_A_N_diff.png","R49_5293_A_N_l2.png","R49_572_O_A_original.png","R49_572_O_A_diff.png","R49_572_O_A_l2.png","R49_616_N_A_original.png","R49_616_N_A_l2.png","R49_616_N_A_diff.png","optionA","optionA","optionB","optionA","optionA","optionB","optionB","optionA","optionB","optionB"
"3M67TQBQQH316JYNNJA3KLGUBH89A9","3G39WTVP4COFABVCFV2XU5YQR8PL6O","Choose one image from two images","Choose one image from two images that more similar to the given reference image","image, comparison, choose, abtest","$0.30","Fri Oct 26 00:20:23 PDT 2018","80","BatchId:3413310;OriginalHitTemplateId:926158629;","7200","604800","Sat Nov 24 23:20:23 PST 2018","","","3M68NM076IN991FZHPYFKLAQP8QR6O","A2NPUPP06POEJ0","Submitted","Fri Oct 26 00:38:28 PDT 2018","Fri Oct 26 00:42:12 PDT 2018","Fri Nov 02 00:42:12 PDT 2018","","","","224","0% (0/0)","0% (0/0)","0% (0/0)","R0_1154_O_N_original.png","R0_1154_O_N_l2.png","R0_1154_O_N_diff.png","R0_131_O_A_original.png","R0_131_O_A_diff.png","R0_131_O_A_l2.png","R0_26_N_A_original.png","R0_26_N_A_l2.png","R0_26_N_A_diff.png","R0_307_~_A_original.png","R0_307_~_A_l2.png","R0_307_~_A_diff.png","R0_6955_A_N_original.png","R0_6955_A_N_diff.png","R0_6955_A_N_l2.png","R0_761_~_N_original.png","R0_761_~_N_diff.png","R0_761_~_N_l2.png","R48_1522_A_O_original.png","R48_1522_A_O_l2.png","R48_1522_A_O_diff.png","R49_5293_A_N_original.png","R49_5293_A_N_diff.png","R49_5293_A_N_l2.png","R49_572_O_A_original.png","R49_572_O_A_diff.png","R49_572_O_A_l2.png","R49_616_N_A_original.png","R49_616_N_A_l2.png","R49_616_N_A_diff.png","optionB","optionB","optionA","optionB","optionB","optionA","optionA","optionB","optionB","optionA"
"3M67TQBQQH316JYNNJA3KLGUBH89A9","3G39WTVP4COFABVCFV2XU5YQR8PL6O","Choose one image from two images","Choose one image from two images that more similar to the given reference image","image, comparison, choose, abtest","$0.30","Fri Oct 26 00:20:23 PDT 2018","80","BatchId:3413310;OriginalHitTemplateId:926158629;","7200","604800","Sat Nov 24 23:20:23 PST 2018","","","3MMN5BL1W0KJF2FPTF40RJ4W9UP3M6","A3L4JI1S352HB8","Submitted","Fri Oct 26 00:27:33 PDT 2018","Fri Oct 26 00:29:48 PDT 2018","Fri Nov 02 00:29:48 PDT 2018","","","","135","0% (0/0)","0% (0/0)","0% (0/0)","R0_1154_O_N_original.png","R0_1154_O_N_l2.png","R0_1154_O_N_diff.png","R0_131_O_A_original.png","R0_131_O_A_diff.png","R0_131_O_A_l2.png","R0_26_N_A_original.png","R0_26_N_A_l2.png","R0_26_N_A_diff.png","R0_307_~_A_original.png","R0_307_~_A_l2.png","R0_307_~_A_diff.png","R0_6955_A_N_original.png","R0_6955_A_N_diff.png","R0_6955_A_N_l2.png","R0_761_~_N_original.png","R0_761_~_N_diff.png","R0_761_~_N_l2.png","R48_1522_A_O_original.png","R48_1522_A_O_l2.png","R48_1522_A_O_diff.png","R49_5293_A_N_original.png","R49_5293_A_N_diff.png","R49_5293_A_N_l2.png","R49_572_O_A_original.png","R49_572_O_A_diff.png","R49_572_O_A_l2.png","R49_616_N_A_original.png","R49_616_N_A_l2.png","R49_616_N_A_diff.png","optionA","optionA","optionA","optionB","optionB","optionA","optionA","optionA","optionA","optionA"
"3M67TQBQQH316JYNNJA3KLGUBH89A9","3G39WTVP4COFABVCFV2XU5YQR8PL6O","Choose one image from two images","Choose one image from two images that more similar to the given reference image","image, comparison, choose, abtest","$0.30","Fri Oct 26 00:20:23 PDT 2018","80","BatchId:3413310;OriginalHitTemplateId:926158629;","7200","604800","Sat Nov 24 23:20:23 PST 2018","","","3N4BPTXIO988O8S5NNNLZF2SX2DUKZ","AOZ5HHRV4LTJF","Submitted","Fri Oct 26 00:28:41 PDT 2018","Fri Oct 26 01:25:00 PDT 2018","Fri Nov 02 01:25:00 PDT 2018","","","","3379","0% (0/0)","0% (0/0)","0% (0/0)","R0_1154_O_N_original.png","R0_1154_O_N_l2.png","R0_1154_O_N_diff.png","R0_131_O_A_original.png","R0_131_O_A_diff.png","R0_131_O_A_l2.png","R0_26_N_A_original.png","R0_26_N_A_l2.png","R0_26_N_A_diff.png","R0_307_~_A_original.png","R0_307_~_A_l2.png","R0_307_~_A_diff.png","R0_6955_A_N_original.png","R0_6955_A_N_diff.png","R0_6955_A_N_l2.png","R0_761_~_N_original.png","R0_761_~_N_diff.png","R0_761_~_N_l2.png","R48_1522_A_O_original.png","R48_1522_A_O_l2.png","R48_1522_A_O_diff.png","R49_5293_A_N_original.png","R49_5293_A_N_diff.png","R49_5293_A_N_l2.png","R49_572_O_A_original.png","R49_572_O_A_diff.png","R49_572_O_A_l2.png","R49_616_N_A_original.png","R49_616_N_A_l2.png","R49_616_N_A_diff.png","optionB","optionB","optionB","optionB","optionB","optionA","optionA","optionB","optionB","optionA"
"3M67TQBQQH316JYNNJA3KLGUBH89A9","3G39WTVP4COFABVCFV2XU5YQR8PL6O","Choose one image from two images","Choose one image from two images that more similar to the given reference image","image, comparison, choose, abtest","$0.30","Fri Oct 26 00:20:23 PDT 2018","80","BatchId:3413310;OriginalHitTemplateId:926158629;","7200","604800","Sat Nov 24 23:20:23 PST 2018","","","3N8OEVH1FS6W1UTNPT357QRCZL0OO1","A2Q4ILF5IEPAE3","Submitted","Fri Oct 26 00:39:03 PDT 2018","Fri Oct 26 01:16:05 PDT 2018","Fri Nov 02 01:16:05 PDT 2018","","","","2222","0% (0/0)","0% (0/0)","0% (0/0)","R0_1154_O_N_original.png","R0_1154_O_N_l2.png","R0_1154_O_N_diff.png","R0_131_O_A_original.png","R0_131_O_A_diff.png","R0_131_O_A_l2.png","R0_26_N_A_original.png","R0_26_N_A_l2.png","R0_26_N_A_diff.png","R0_307_~_A_original.png","R0_307_~_A_l2.png","R0_307_~_A_diff.png","R0_6955_A_N_original.png","R0_6955_A_N_diff.png","R0_6955_A_N_l2.png","R0_761_~_N_original.png","R0_761_~_N_diff.png","R0_761_~_N_l2.png","R48_1522_A_O_original.png","R48_1522_A_O_l2.png","R48_1522_A_O_diff.png","R49_5293_A_N_original.png","R49_5293_A_N_diff.png","R49_5293_A_N_l2.png","R49_572_O_A_original.png","R49_572_O_A_diff.png","R49_572_O_A_l2.png","R49_616_N_A_original.png","R49_616_N_A_l2.png","R49_616_N_A_diff.png","optionB","optionB","optionA","optionA","optionA","optionA","optionA","optionA","optionB","optionA"
"3M67TQBQQH316JYNNJA3KLGUBH89A9","3G39WTVP4COFABVCFV2XU5YQR8PL6O","Choose one image from two images","Choose one image from two images that more similar to the given reference image","image, comparison, choose, abtest","$0.30","Fri Oct 26 00:20:23 PDT 2018","80","BatchId:3413310;OriginalHitTemplateId:926158629;","7200","604800","Sat Nov 24 23:20:23 PST 2018","","","3NGI5ARFTULTQ2YNYRI9KUJUGFLP1V","A267SCN7MD0CRX","Submitted","Fri Oct 26 00:27:59 PDT 2018","Fri Oct 26 00:31:33 PDT 2018","Fri Nov 02 00:31:33 PDT 2018","","","","214","0% (0/0)","0% (0/0)","0% (0/0)","R0_1154_O_N_original.png","R0_1154_O_N_l2.png","R0_1154_O_N_diff.png","R0_131_O_A_original.png","R0_131_O_A_diff.png","R0_131_O_A_l2.png","R0_26_N_A_original.png","R0_26_N_A_l2.png","R0_26_N_A_diff.png","R0_307_~_A_original.png","R0_307_~_A_l2.png","R0_307_~_A_diff.png","R0_6955_A_N_original.png","R0_6955_A_N_diff.png","R0_6955_A_N_l2.png","R0_761_~_N_original.png","R0_761_~_N_diff.png","R0_761_~_N_l2.png","R48_1522_A_O_original.png","R48_1522_A_O_l2.png","R48_1522_A_O_diff.png","R49_5293_A_N_original.png","R49_5293_A_N_diff.png","R49_5293_A_N_l2.png","R49_572_O_A_original.png","R49_572_O_A_diff.png","R49_572_O_A_l2.png","R49_616_N_A_original.png","R49_616_N_A_l2.png","R49_616_N_A_diff.png","optionA","optionA","optionA","optionB","optionB","optionA","optionA","optionB","optionA","optionA"
"3M67TQBQQH316JYNNJA3KLGUBH89A9","3G39WTVP4COFABVCFV2XU5YQR8PL6O","Choose one image from two images","Choose one image from two images that more similar to the given reference image","image, comparison, choose, abtest","$0.30","Fri Oct 26 00:20:23 PDT 2018","80","BatchId:3413310;OriginalHitTemplateId:926158629;","7200","604800","Sat Nov 24 23:20:23 PST 2018","","","3NGI5ARFTULTQ2YNYRI9KUJUGFM1P8","AKLH2YXK5BAUP","Submitted","Fri Oct 26 00:28:49 PDT 2018","Fri Oct 26 00:31:13 PDT 2018","Fri Nov 02 00:31:13 PDT 2018","","","","144","0% (0/0)","0% (0/0)","0% (0/0)","R0_1154_O_N_original.png","R0_1154_O_N_l2.png","R0_1154_O_N_diff.png","R0_131_O_A_original.png","R0_131_O_A_diff.png","R0_131_O_A_l2.png","R0_26_N_A_original.png","R0_26_N_A_l2.png","R0_26_N_A_diff.png","R0_307_~_A_original.png","R0_307_~_A_l2.png","R0_307_~_A_diff.png","R0_6955_A_N_original.png","R0_6955_A_N_diff.png","R0_6955_A_N_l2.png","R0_761_~_N_original.png","R0_761_~_N_diff.png","R0_761_~_N_l2.png","R48_1522_A_O_original.png","R48_1522_A_O_l2.png","R48_1522_A_O_diff.png","R49_5293_A_N_original.png","R49_5293_A_N_diff.png","R49_5293_A_N_l2.png","R49_572_O_A_original.png","R49_572_O_A_diff.png","R49_572_O_A_l2.png","R49_616_N_A_original.png","R49_616_N_A_l2.png","R49_616_N_A_diff.png","optionA","optionA","optionA","optionA","optionA","optionA","optionA","optionA","optionA","optionA"
"3M67TQBQQH316JYNNJA3KLGUBH89A9","3G39WTVP4COFABVCFV2XU5YQR8PL6O","Choose one image from two images","Choose one image from two images that more similar to the given reference image","image, comparison, choose, abtest","$0.30","Fri Oct 26 00:20:23 PDT 2018","80","BatchId:3413310;OriginalHitTemplateId:926158629;","7200","604800","Sat Nov 24 23:20:23 PST 2018","","","3NJM2BJS4XMDD58LEO7T1Q2LKCCCP8","A3PIQY6PK42RIS","Submitted","Fri Oct 26 00:21:09 PDT 2018","Fri Oct 26 00:54:54 PDT 2018","Fri Nov 02 00:54:54 PDT 2018","","","","2025","0% (0/0)","0% (0/0)","0% (0/0)","R0_1154_O_N_original.png","R0_1154_O_N_l2.png","R0_1154_O_N_diff.png","R0_131_O_A_original.png","R0_131_O_A_diff.png","R0_131_O_A_l2.png","R0_26_N_A_original.png","R0_26_N_A_l2.png","R0_26_N_A_diff.png","R0_307_~_A_original.png","R0_307_~_A_l2.png","R0_307_~_A_diff.png","R0_6955_A_N_original.png","R0_6955_A_N_diff.png","R0_6955_A_N_l2.png","R0_761_~_N_original.png","R0_761_~_N_diff.png","R0_761_~_N_l2.png","R48_1522_A_O_original.png","R48_1522_A_O_l2.png","R48_1522_A_O_diff.png","R49_5293_A_N_original.png","R49_5293_A_N_diff.png","R49_5293_A_N_l2.png","R49_572_O_A_original.png","R49_572_O_A_diff.png","R49_572_O_A_l2.png","R49_616_N_A_original.png","R49_616_N_A_l2.png","R49_616_N_A_diff.png","optionA","optionB","optionA","optionB","optionB","optionA","optionA","optionB","optionB","optionA"
"3M67TQBQQH316JYNNJA3KLGUBH89A9","3G39WTVP4COFABVCFV2XU5YQR8PL6O","Choose one image from two images","Choose one image from two images that more similar to the given reference image","image, comparison, choose, abtest","$0.30","Fri Oct 26 00:20:23 PDT 2018","80","BatchId:3413310;OriginalHitTemplateId:926158629;","7200","604800","Sat Nov 24 23:20:23 PST 2018","","","3NPFYT4IZDKV3QQH21DTLU93K3EGXB","A2NK6BMMR490M3","Submitted","Fri Oct 26 00:28:47 PDT 2018","Fri Oct 26 00:32:58 PDT 2018","Fri Nov 02 00:32:58 PDT 2018","","","","251","0% (0/0)","0% (0/0)","0% (0/0)","R0_1154_O_N_original.png","R0_1154_O_N_l2.png","R0_1154_O_N_diff.png","R0_131_O_A_original.png","R0_131_O_A_diff.png","R0_131_O_A_l2.png","R0_26_N_A_original.png","R0_26_N_A_l2.png","R0_26_N_A_diff.png","R0_307_~_A_original.png","R0_307_~_A_l2.png","R0_307_~_A_diff.png","R0_6955_A_N_original.png","R0_6955_A_N_diff.png","R0_6955_A_N_l2.png","R0_761_~_N_original.png","R0_761_~_N_diff.png","R0_761_~_N_l2.png","R48_1522_A_O_original.png","R48_1522_A_O_l2.png","R48_1522_A_O_diff.png","R49_5293_A_N_original.png","R49_5293_A_N_diff.png","R49_5293_A_N_l2.png","R49_572_O_A_original.png","R49_572_O_A_diff.png","R49_572_O_A_l2.png","R49_616_N_A_original.png","R49_616_N_A_l2.png","R49_616_N_A_diff.png","optionB","optionB","optionA","optionB","optionB","optionB","optionA","optionB","optionA","optionB"
"3M67TQBQQH316JYNNJA3KLGUBH89A9","3G39WTVP4COFABVCFV2XU5YQR8PL6O","Choose one image from two images","Choose one image from two images that more similar to the given reference image","image, comparison, choose, abtest","$0.30","Fri Oct 26 00:20:23 PDT 2018","80","BatchId:3413310;OriginalHitTemplateId:926158629;","7200","604800","Sat Nov 24 23:20:23 PST 2018","","","3NQL1CS15SO3LS6MWSYH49JM9OVYVN","A20YJ8H1DP2MZ3","Submitted","Fri Oct 26 00:28:43 PDT 2018","Fri Oct 26 00:32:39 PDT 2018","Fri Nov 02 00:32:39 PDT 2018","","","","236","0% (0/0)","0% (0/0)","0% (0/0)","R0_1154_O_N_original.png","R0_1154_O_N_l2.png","R0_1154_O_N_diff.png","R0_131_O_A_original.png","R0_131_O_A_diff.png","R0_131_O_A_l2.png","R0_26_N_A_original.png","R0_26_N_A_l2.png","R0_26_N_A_diff.png","R0_307_~_A_original.png","R0_307_~_A_l2.png","R0_307_~_A_diff.png","R0_6955_A_N_original.png","R0_6955_A_N_diff.png","R0_6955_A_N_l2.png","R0_761_~_N_original.png","R0_761_~_N_diff.png","R0_761_~_N_l2.png","R48_1522_A_O_original.png","R48_1522_A_O_l2.png","R48_1522_A_O_diff.png","R49_5293_A_N_original.png","R49_5293_A_N_diff.png","R49_5293_A_N_l2.png","R49_572_O_A_original.png","R49_572_O_A_diff.png","R49_572_O_A_l2.png","R49_616_N_A_original.png","R49_616_N_A_l2.png","R49_616_N_A_diff.png","optionB","optionB","optionA","optionB","optionB","optionB","optionB","optionB","optionB","optionB"
"3M67TQBQQH316JYNNJA3KLGUBH89A9","3G39WTVP4COFABVCFV2XU5YQR8PL6O","Choose one image from two images","Choose one image from two images that more similar to the given reference image","image, comparison, choose, abtest","$0.30","Fri Oct 26 00:20:23 PDT 2018","80","BatchId:3413310;OriginalHitTemplateId:926158629;","7200","604800","Sat Nov 24 23:20:23 PST 2018","","","3NQL1CS15SO3LS6MWSYH49JM9P0YVU","A2UY2IUBR3I2QC","Submitted","Fri Oct 26 01:24:37 PDT 2018","Fri Oct 26 01:29:51 PDT 2018","Fri Nov 02 01:29:51 PDT 2018","","","","314","0% (0/0)","0% (0/0)","0% (0/0)","R0_1154_O_N_original.png","R0_1154_O_N_l2.png","R0_1154_O_N_diff.png","R0_131_O_A_original.png","R0_131_O_A_diff.png","R0_131_O_A_l2.png","R0_26_N_A_original.png","R0_26_N_A_l2.png","R0_26_N_A_diff.png","R0_307_~_A_original.png","R0_307_~_A_l2.png","R0_307_~_A_diff.png","R0_6955_A_N_original.png","R0_6955_A_N_diff.png","R0_6955_A_N_l2.png","R0_761_~_N_original.png","R0_761_~_N_diff.png","R0_761_~_N_l2.png","R48_1522_A_O_original.png","R48_1522_A_O_l2.png","R48_1522_A_O_diff.png","R49_5293_A_N_original.png","R49_5293_A_N_diff.png","R49_5293_A_N_l2.png","R49_572_O_A_original.png","R49_572_O_A_diff.png","R49_572_O_A_l2.png","R49_616_N_A_original.png","R49_616_N_A_l2.png","R49_616_N_A_diff.png","optionA","optionB","optionB","optionA","optionA","optionB","optionA","optionB","optionB","optionB"
"3M67TQBQQH316JYNNJA3KLGUBH89A9","3G39WTVP4COFABVCFV2XU5YQR8PL6O","Choose one image from two images","Choose one image from two images that more similar to the given reference image","image, comparison, choose, abtest","$0.30","Fri Oct 26 00:20:23 PDT 2018","80","BatchId:3413310;OriginalHitTemplateId:926158629;","7200","604800","Sat Nov 24 23:20:23 PST 2018","","","3NS0A6KXC5OK8LQW3J1EIFPES3BZGQ","A21EZISIJ3JPSW","Submitted","Fri Oct 26 00:31:34 PDT 2018","Fri Oct 26 00:32:52 PDT 2018","Fri Nov 02 00:32:52 PDT 2018","","","","78","0% (0/0)","0% (0/0)","0% (0/0)","R0_1154_O_N_original.png","R0_1154_O_N_l2.png","R0_1154_O_N_diff.png","R0_131_O_A_original.png","R0_131_O_A_diff.png","R0_131_O_A_l2.png","R0_26_N_A_original.png","R0_26_N_A_l2.png","R0_26_N_A_diff.png","R0_307_~_A_original.png","R0_307_~_A_l2.png","R0_307_~_A_diff.png","R0_6955_A_N_original.png","R0_6955_A_N_diff.png","R0_6955_A_N_l2.png","R0_761_~_N_original.png","R0_761_~_N_diff.png","R0_761_~_N_l2.png","R48_1522_A_O_original.png","R48_1522_A_O_l2.png","R48_1522_A_O_diff.png","R49_5293_A_N_original.png","R49_5293_A_N_diff.png","R49_5293_A_N_l2.png","R49_572_O_A_original.png","R49_572_O_A_diff.png","R49_572_O_A_l2.png","R49_616_N_A_original.png","R49_616_N_A_l2.png","R49_616_N_A_diff.png","optionB","optionB","optionA","optionB","optionB","optionA","optionA","optionA","optionA","optionA"
"3M67TQBQQH316JYNNJA3KLGUBH89A9","3G39WTVP4COFABVCFV2XU5YQR8PL6O","Choose one image from two images","Choose one image from two images that more similar to the given reference image","image, comparison, choose, abtest","$0.30","Fri Oct 26 00:20:23 PDT 2018","80","BatchId:3413310;OriginalHitTemplateId:926158629;","7200","604800","Sat Nov 24 23:20:23 PST 2018","","","3NVC2EB65RFJ9J43CISBLER3I59Y3Z","A3K1P4SPR8XS7R","Submitted","Fri Oct 26 02:02:44 PDT 2018","Fri Oct 26 02:07:21 PDT 2018","Fri Nov 02 02:07:21 PDT 2018","","","","277","0% (0/0)","0% (0/0)","0% (0/0)","R0_1154_O_N_original.png","R0_1154_O_N_l2.png","R0_1154_O_N_diff.png","R0_131_O_A_original.png","R0_131_O_A_diff.png","R0_131_O_A_l2.png","R0_26_N_A_original.png","R0_26_N_A_l2.png","R0_26_N_A_diff.png","R0_307_~_A_original.png","R0_307_~_A_l2.png","R0_307_~_A_diff.png","R0_6955_A_N_original.png","R0_6955_A_N_diff.png","R0_6955_A_N_l2.png","R0_761_~_N_original.png","R0_761_~_N_diff.png","R0_761_~_N_l2.png","R48_1522_A_O_original.png","R48_1522_A_O_l2.png","R48_1522_A_O_diff.png","R49_5293_A_N_original.png","R49_5293_A_N_diff.png","R49_5293_A_N_l2.png","R49_572_O_A_original.png","R49_572_O_A_diff.png","R49_572_O_A_l2.png","R49_616_N_A_original.png","R49_616_N_A_l2.png","R49_616_N_A_diff.png","optionB","optionB","optionA","optionB","optionB","optionA","optionA","optionB","optionA","optionA"
"3M67TQBQQH316JYNNJA3KLGUBH89A9","3G39WTVP4COFABVCFV2XU5YQR8PL6O","Choose one image from two images","Choose one image from two images that more similar to the given reference image","image, comparison, choose, abtest","$0.30","Fri Oct 26 00:20:23 PDT 2018","80","BatchId:3413310;OriginalHitTemplateId:926158629;","7200","604800","Sat Nov 24 23:20:23 PST 2018","","","3O7L7BFSHF50TH5VXKN4IH1CJAVEIS","A260MIY3WZBFF4","Submitted","Fri Oct 26 00:29:20 PDT 2018","Fri Oct 26 00:35:14 PDT 2018","Fri Nov 02 00:35:14 PDT 2018","","","","354","0% (0/0)","0% (0/0)","0% (0/0)","R0_1154_O_N_original.png","R0_1154_O_N_l2.png","R0_1154_O_N_diff.png","R0_131_O_A_original.png","R0_131_O_A_diff.png","R0_131_O_A_l2.png","R0_26_N_A_original.png","R0_26_N_A_l2.png","R0_26_N_A_diff.png","R0_307_~_A_original.png","R0_307_~_A_l2.png","R0_307_~_A_diff.png","R0_6955_A_N_original.png","R0_6955_A_N_diff.png","R0_6955_A_N_l2.png","R0_761_~_N_original.png","R0_761_~_N_diff.png","R0_761_~_N_l2.png","R48_1522_A_O_original.png","R48_1522_A_O_l2.png","R48_1522_A_O_diff.png","R49_5293_A_N_original.png","R49_5293_A_N_diff.png","R49_5293_A_N_l2.png","R49_572_O_A_original.png","R49_572_O_A_diff.png","R49_572_O_A_l2.png","R49_616_N_A_original.png","R49_616_N_A_l2.png","R49_616_N_A_diff.png","optionB","optionB","optionB","optionA","optionB","optionA","optionA","optionA","optionB","optionB"
"3M67TQBQQH316JYNNJA3KLGUBH89A9","3G39WTVP4COFABVCFV2XU5YQR8PL6O","Choose one image from two images","Choose one image from two images that more similar to the given reference image","image, comparison, choose, abtest","$0.30","Fri Oct 26 00:20:23 PDT 2018","80","BatchId:3413310;OriginalHitTemplateId:926158629;","7200","604800","Sat Nov 24 23:20:23 PST 2018","","","3P1L2B7AD25OV9QQC1NDF9NI4GUOLJ","A3NO0D2Z9GTTZF","Submitted","Fri Oct 26 00:26:48 PDT 2018","Fri Oct 26 00:27:33 PDT 2018","Fri Nov 02 00:27:33 PDT 2018","","","","45","0% (0/0)","0% (0/0)","0% (0/0)","R0_1154_O_N_original.png","R0_1154_O_N_l2.png","R0_1154_O_N_diff.png","R0_131_O_A_original.png","R0_131_O_A_diff.png","R0_131_O_A_l2.png","R0_26_N_A_original.png","R0_26_N_A_l2.png","R0_26_N_A_diff.png","R0_307_~_A_original.png","R0_307_~_A_l2.png","R0_307_~_A_diff.png","R0_6955_A_N_original.png","R0_6955_A_N_diff.png","R0_6955_A_N_l2.png","R0_761_~_N_original.png","R0_761_~_N_diff.png","R0_761_~_N_l2.png","R48_1522_A_O_original.png","R48_1522_A_O_l2.png","R48_1522_A_O_diff.png","R49_5293_A_N_original.png","R49_5293_A_N_diff.png","R49_5293_A_N_l2.png","R49_572_O_A_original.png","R49_572_O_A_diff.png","R49_572_O_A_l2.png","R49_616_N_A_original.png","R49_616_N_A_l2.png","R49_616_N_A_diff.png","optionA","optionA","optionA","optionB","optionA","optionB","optionA","optionA","optionA","optionA"
"3M67TQBQQH316JYNNJA3KLGUBH89A9","3G39WTVP4COFABVCFV2XU5YQR8PL6O","Choose one image from two images","Choose one image from two images that more similar to the given reference image","image, comparison, choose, abtest","$0.30","Fri Oct 26 00:20:23 PDT 2018","80","BatchId:3413310;OriginalHitTemplateId:926158629;","7200","604800","Sat Nov 24 23:20:23 PST 2018","","","3PMBY0YE28JSLISEXZBWF026F8VC9E","A2RY24DUOWXUWU","Submitted","Fri Oct 26 00:30:51 PDT 2018","Fri Oct 26 00:33:49 PDT 2018","Fri Nov 02 00:33:49 PDT 2018","","","","178","0% (0/0)","0% (0/0)","0% (0/0)","R0_1154_O_N_original.png","R0_1154_O_N_l2.png","R0_1154_O_N_diff.png","R0_131_O_A_original.png","R0_131_O_A_diff.png","R0_131_O_A_l2.png","R0_26_N_A_original.png","R0_26_N_A_l2.png","R0_26_N_A_diff.png","R0_307_~_A_original.png","R0_307_~_A_l2.png","R0_307_~_A_diff.png","R0_6955_A_N_original.png","R0_6955_A_N_diff.png","R0_6955_A_N_l2.png","R0_761_~_N_original.png","R0_761_~_N_diff.png","R0_761_~_N_l2.png","R48_1522_A_O_original.png","R48_1522_A_O_l2.png","R48_1522_A_O_diff.png","R49_5293_A_N_original.png","R49_5293_A_N_diff.png","R49_5293_A_N_l2.png","R49_572_O_A_original.png","R49_572_O_A_diff.png","R49_572_O_A_l2.png","R49_616_N_A_original.png","R49_616_N_A_l2.png","R49_616_N_A_diff.png","optionB","optionB","optionA","optionB","optionB","optionA","optionA","optionA","optionB","optionA"
"3M67TQBQQH316JYNNJA3KLGUBH89A9","3G39WTVP4COFABVCFV2XU5YQR8PL6O","Choose one image from two images","Choose one image from two images that more similar to the given reference image","image, comparison, choose, abtest","$0.30","Fri Oct 26 00:20:23 PDT 2018","80","BatchId:3413310;OriginalHitTemplateId:926158629;","7200","604800","Sat Nov 24 23:20:23 PST 2018","","","3Q8GYXHFEQI9KVQ2U9YF3KX4TCCC5N","AYFM9UR1160YR","Submitted","Fri Oct 26 00:30:16 PDT 2018","Fri Oct 26 00:38:16 PDT 2018","Fri Nov 02 00:38:16 PDT 2018","","","","480","0% (0/0)","0% (0/0)","0% (0/0)","R0_1154_O_N_original.png","R0_1154_O_N_l2.png","R0_1154_O_N_diff.png","R0_131_O_A_original.png","R0_131_O_A_diff.png","R0_131_O_A_l2.png","R0_26_N_A_original.png","R0_26_N_A_l2.png","R0_26_N_A_diff.png","R0_307_~_A_original.png","R0_307_~_A_l2.png","R0_307_~_A_diff.png","R0_6955_A_N_original.png","R0_6955_A_N_diff.png","R0_6955_A_N_l2.png","R0_761_~_N_original.png","R0_761_~_N_diff.png","R0_761_~_N_l2.png","R48_1522_A_O_original.png","R48_1522_A_O_l2.png","R48_1522_A_O_diff.png","R49_5293_A_N_original.png","R49_5293_A_N_diff.png","R49_5293_A_N_l2.png","R49_572_O_A_original.png","R49_572_O_A_diff.png","R49_572_O_A_l2.png","R49_616_N_A_original.png","R49_616_N_A_l2.png","R49_616_N_A_diff.png","optionA","optionA","optionB","optionA","optionA","optionB","optionA","optionB","optionB","optionB"
"3M67TQBQQH316JYNNJA3KLGUBH89A9","3G39WTVP4COFABVCFV2XU5YQR8PL6O","Choose one image from two images","Choose one image from two images that more similar to the given reference image","image, comparison, choose, abtest","$0.30","Fri Oct 26 00:20:23 PDT 2018","80","BatchId:3413310;OriginalHitTemplateId:926158629;","7200","604800","Sat Nov 24 23:20:23 PST 2018","","","3R2PKQ87NXOY55X8EIBNVP6LSCLMIO","A1S2MN0E9BHPVA","Submitted","Fri Oct 26 00:21:05 PDT 2018","Fri Oct 26 00:58:14 PDT 2018","Fri Nov 02 00:58:14 PDT 2018","","","","2229","0% (0/0)","0% (0/0)","0% (0/0)","R0_1154_O_N_original.png","R0_1154_O_N_l2.png","R0_1154_O_N_diff.png","R0_131_O_A_original.png","R0_131_O_A_diff.png","R0_131_O_A_l2.png","R0_26_N_A_original.png","R0_26_N_A_l2.png","R0_26_N_A_diff.png","R0_307_~_A_original.png","R0_307_~_A_l2.png","R0_307_~_A_diff.png","R0_6955_A_N_original.png","R0_6955_A_N_diff.png","R0_6955_A_N_l2.png","R0_761_~_N_original.png","R0_761_~_N_diff.png","R0_761_~_N_l2.png","R48_1522_A_O_original.png","R48_1522_A_O_l2.png","R48_1522_A_O_diff.png","R49_5293_A_N_original.png","R49_5293_A_N_diff.png","R49_5293_A_N_l2.png","R49_572_O_A_original.png","R49_572_O_A_diff.png","R49_572_O_A_l2.png","R49_616_N_A_original.png","R49_616_N_A_l2.png","R49_616_N_A_diff.png","optionB","optionA","optionA","optionA","optionB","optionA","optionA","optionA","optionA","optionB"
"3M67TQBQQH316JYNNJA3KLGUBH89A9","3G39WTVP4COFABVCFV2XU5YQR8PL6O","Choose one image from two images","Choose one image from two images that more similar to the given reference image","image, comparison, choose, abtest","$0.30","Fri Oct 26 00:20:23 PDT 2018","80","BatchId:3413310;OriginalHitTemplateId:926158629;","7200","604800","Sat Nov 24 23:20:23 PST 2018","","","3RSDURM96B2MJHK0129745V09TTEYY","A34TMWLXTWLMUL","Submitted","Fri Oct 26 00:31:26 PDT 2018","Fri Oct 26 00:36:40 PDT 2018","Fri Nov 02 00:36:40 PDT 2018","","","","314","0% (0/0)","0% (0/0)","0% (0/0)","R0_1154_O_N_original.png","R0_1154_O_N_l2.png","R0_1154_O_N_diff.png","R0_131_O_A_original.png","R0_131_O_A_diff.png","R0_131_O_A_l2.png","R0_26_N_A_original.png","R0_26_N_A_l2.png","R0_26_N_A_diff.png","R0_307_~_A_original.png","R0_307_~_A_l2.png","R0_307_~_A_diff.png","R0_6955_A_N_original.png","R0_6955_A_N_diff.png","R0_6955_A_N_l2.png","R0_761_~_N_original.png","R0_761_~_N_diff.png","R0_761_~_N_l2.png","R48_1522_A_O_original.png","R48_1522_A_O_l2.png","R48_1522_A_O_diff.png","R49_5293_A_N_original.png","R49_5293_A_N_diff.png","R49_5293_A_N_l2.png","R49_572_O_A_original.png","R49_572_O_A_diff.png","R49_572_O_A_l2.png","R49_616_N_A_original.png","R49_616_N_A_l2.png","R49_616_N_A_diff.png","optionB","optionB","optionA","optionB","optionB","optionA","optionA","optionB","optionB","optionA"
"3M67TQBQQH316JYNNJA3KLGUBH89A9","3G39WTVP4COFABVCFV2XU5YQR8PL6O","Choose one image from two images","Choose one image from two images that more similar to the given reference image","image, comparison, choose, abtest","$0.30","Fri Oct 26 00:20:23 PDT 2018","80","BatchId:3413310;OriginalHitTemplateId:926158629;","7200","604800","Sat Nov 24 23:20:23 PST 2018","","","3SKRO2GZ727SFB17LZD1ODXVM5GK1Q","A2T0L5CXX7VBTF","Submitted","Fri Oct 26 00:33:07 PDT 2018","Fri Oct 26 00:36:31 PDT 2018","Fri Nov 02 00:36:31 PDT 2018","","","","204","0% (0/0)","0% (0/0)","0% (0/0)","R0_1154_O_N_original.png","R0_1154_O_N_l2.png","R0_1154_O_N_diff.png","R0_131_O_A_original.png","R0_131_O_A_diff.png","R0_131_O_A_l2.png","R0_26_N_A_original.png","R0_26_N_A_l2.png","R0_26_N_A_diff.png","R0_307_~_A_original.png","R0_307_~_A_l2.png","R0_307_~_A_diff.png","R0_6955_A_N_original.png","R0_6955_A_N_diff.png","R0_6955_A_N_l2.png","R0_761_~_N_original.png","R0_761_~_N_diff.png","R0_761_~_N_l2.png","R48_1522_A_O_original.png","R48_1522_A_O_l2.png","R48_1522_A_O_diff.png","R49_5293_A_N_original.png","R49_5293_A_N_diff.png","R49_5293_A_N_l2.png","R49_572_O_A_original.png","R49_572_O_A_diff.png","R49_572_O_A_l2.png","R49_616_N_A_original.png","R49_616_N_A_l2.png","R49_616_N_A_diff.png","optionA","optionB","optionB","optionA","optionB","optionB","optionA","optionA","optionA","optionB"
"3M67TQBQQH316JYNNJA3KLGUBH89A9","3G39WTVP4COFABVCFV2XU5YQR8PL6O","Choose one image from two images","Choose one image from two images that more similar to the given reference image","image, comparison, choose, abtest","$0.30","Fri Oct 26 00:20:23 PDT 2018","80","BatchId:3413310;OriginalHitTemplateId:926158629;","7200","604800","Sat Nov 24 23:20:23 PST 2018","","","3UOUJI6MTEUE88RCM62AP9AUTBSUXO","A1ANSFI5L7SUUH","Submitted","Fri Oct 26 00:24:12 PDT 2018","Fri Oct 26 00:27:20 PDT 2018","Fri Nov 02 00:27:20 PDT 2018","","","","188","0% (0/0)","0% (0/0)","0% (0/0)","R0_1154_O_N_original.png","R0_1154_O_N_l2.png","R0_1154_O_N_diff.png","R0_131_O_A_original.png","R0_131_O_A_diff.png","R0_131_O_A_l2.png","R0_26_N_A_original.png","R0_26_N_A_l2.png","R0_26_N_A_diff.png","R0_307_~_A_original.png","R0_307_~_A_l2.png","R0_307_~_A_diff.png","R0_6955_A_N_original.png","R0_6955_A_N_diff.png","R0_6955_A_N_l2.png","R0_761_~_N_original.png","R0_761_~_N_diff.png","R0_761_~_N_l2.png","R48_1522_A_O_original.png","R48_1522_A_O_l2.png","R48_1522_A_O_diff.png","R49_5293_A_N_original.png","R49_5293_A_N_diff.png","R49_5293_A_N_l2.png","R49_572_O_A_original.png","R49_572_O_A_diff.png","R49_572_O_A_l2.png","R49_616_N_A_original.png","R49_616_N_A_l2.png","R49_616_N_A_diff.png","optionA","optionB","optionA","optionA","optionA","optionA","optionB","optionB","optionA","optionA"
"3M67TQBQQH316JYNNJA3KLGUBH89A9","3G39WTVP4COFABVCFV2XU5YQR8PL6O","Choose one image from two images","Choose one image from two images that more similar to the given reference image","image, comparison, choose, abtest","$0.30","Fri Oct 26 00:20:23 PDT 2018","80","BatchId:3413310;OriginalHitTemplateId:926158629;","7200","604800","Sat Nov 24 23:20:23 PST 2018","","","3W2LOLRXLCVG8G0OJTSGU4F8Q39KRL","A224B7BAQ0MZSN","Submitted","Fri Oct 26 00:23:27 PDT 2018","Fri Oct 26 00:26:38 PDT 2018","Fri Nov 02 00:26:38 PDT 2018","","","","191","0% (0/0)","0% (0/0)","0% (0/0)","R0_1154_O_N_original.png","R0_1154_O_N_l2.png","R0_1154_O_N_diff.png","R0_131_O_A_original.png","R0_131_O_A_diff.png","R0_131_O_A_l2.png","R0_26_N_A_original.png","R0_26_N_A_l2.png","R0_26_N_A_diff.png","R0_307_~_A_original.png","R0_307_~_A_l2.png","R0_307_~_A_diff.png","R0_6955_A_N_original.png","R0_6955_A_N_diff.png","R0_6955_A_N_l2.png","R0_761_~_N_original.png","R0_761_~_N_diff.png","R0_761_~_N_l2.png","R48_1522_A_O_original.png","R48_1522_A_O_l2.png","R48_1522_A_O_diff.png","R49_5293_A_N_original.png","R49_5293_A_N_diff.png","R49_5293_A_N_l2.png","R49_572_O_A_original.png","R49_572_O_A_diff.png","R49_572_O_A_l2.png","R49_616_N_A_original.png","R49_616_N_A_l2.png","R49_616_N_A_diff.png","optionB","optionA","optionB","optionA","optionA","optionB","optionA","optionB","optionB","optionA"
"3M67TQBQQH316JYNNJA3KLGUBH89A9","3G39WTVP4COFABVCFV2XU5YQR8PL6O","Choose one image from two images","Choose one image from two images that more similar to the given reference image","image, comparison, choose, abtest","$0.30","Fri Oct 26 00:20:23 PDT 2018","80","BatchId:3413310;OriginalHitTemplateId:926158629;","7200","604800","Sat Nov 24 23:20:23 PST 2018","","","3WYP994K187I62RLVKQ9SH3NSV4Y6W","A3UUH3632AI3ZX","Submitted","Fri Oct 26 00:26:22 PDT 2018","Fri Oct 26 00:27:55 PDT 2018","Fri Nov 02 00:27:55 PDT 2018","","","","93","0% (0/0)","0% (0/0)","0% (0/0)","R0_1154_O_N_original.png","R0_1154_O_N_l2.png","R0_1154_O_N_diff.png","R0_131_O_A_original.png","R0_131_O_A_diff.png","R0_131_O_A_l2.png","R0_26_N_A_original.png","R0_26_N_A_l2.png","R0_26_N_A_diff.png","R0_307_~_A_original.png","R0_307_~_A_l2.png","R0_307_~_A_diff.png","R0_6955_A_N_original.png","R0_6955_A_N_diff.png","R0_6955_A_N_l2.png","R0_761_~_N_original.png","R0_761_~_N_diff.png","R0_761_~_N_l2.png","R48_1522_A_O_original.png","R48_1522_A_O_l2.png","R48_1522_A_O_diff.png","R49_5293_A_N_original.png","R49_5293_A_N_diff.png","R49_5293_A_N_l2.png","R49_572_O_A_original.png","R49_572_O_A_diff.png","R49_572_O_A_l2.png","R49_616_N_A_original.png","R49_616_N_A_l2.png","R49_616_N_A_diff.png","optionA","optionB","optionB","optionA","optionB","optionA","optionB","optionA","optionB","optionB"
"3M67TQBQQH316JYNNJA3KLGUBH89A9","3G39WTVP4COFABVCFV2XU5YQR8PL6O","Choose one image from two images","Choose one image from two images that more similar to the given reference image","image, comparison, choose, abtest","$0.30","Fri Oct 26 00:20:23 PDT 2018","80","BatchId:3413310;OriginalHitTemplateId:926158629;","7200","604800","Sat Nov 24 23:20:23 PST 2018","","","3X0H8UUIT24J4VUINWBO8PEZZC1WSH","ABR7PP2SD8P3D","Submitted","Fri Oct 26 00:28:34 PDT 2018","Fri Oct 26 00:32:11 PDT 2018","Fri Nov 02 00:32:11 PDT 2018","","","","217","0% (0/0)","0% (0/0)","0% (0/0)","R0_1154_O_N_original.png","R0_1154_O_N_l2.png","R0_1154_O_N_diff.png","R0_131_O_A_original.png","R0_131_O_A_diff.png","R0_131_O_A_l2.png","R0_26_N_A_original.png","R0_26_N_A_l2.png","R0_26_N_A_diff.png","R0_307_~_A_original.png","R0_307_~_A_l2.png","R0_307_~_A_diff.png","R0_6955_A_N_original.png","R0_6955_A_N_diff.png","R0_6955_A_N_l2.png","R0_761_~_N_original.png","R0_761_~_N_diff.png","R0_761_~_N_l2.png","R48_1522_A_O_original.png","R48_1522_A_O_l2.png","R48_1522_A_O_diff.png","R49_5293_A_N_original.png","R49_5293_A_N_diff.png","R49_5293_A_N_l2.png","R49_572_O_A_original.png","R49_572_O_A_diff.png","R49_572_O_A_l2.png","R49_616_N_A_original.png","R49_616_N_A_l2.png","R49_616_N_A_diff.png","optionB","optionA","optionB","optionA","optionA","optionA","optionA","optionA","optionA","optionB"
"3M67TQBQQH316JYNNJA3KLGUBH89A9","3G39WTVP4COFABVCFV2XU5YQR8PL6O","Choose one image from two images","Choose one image from two images that more similar to the given reference image","image, comparison, choose, abtest","$0.30","Fri Oct 26 00:20:23 PDT 2018","80","BatchId:3413310;OriginalHitTemplateId:926158629;","7200","604800","Sat Nov 24 23:20:23 PST 2018","","","3X66WABAJXYJNSJ3IC65EEKZD8CG3A","A1DXFMUVK5015A","Submitted","Fri Oct 26 00:24:49 PDT 2018","Fri Oct 26 00:28:54 PDT 2018","Fri Nov 02 00:28:54 PDT 2018","","","","245","0% (0/0)","0% (0/0)","0% (0/0)","R0_1154_O_N_original.png","R0_1154_O_N_l2.png","R0_1154_O_N_diff.png","R0_131_O_A_original.png","R0_131_O_A_diff.png","R0_131_O_A_l2.png","R0_26_N_A_original.png","R0_26_N_A_l2.png","R0_26_N_A_diff.png","R0_307_~_A_original.png","R0_307_~_A_l2.png","R0_307_~_A_diff.png","R0_6955_A_N_original.png","R0_6955_A_N_diff.png","R0_6955_A_N_l2.png","R0_761_~_N_original.png","R0_761_~_N_diff.png","R0_761_~_N_l2.png","R48_1522_A_O_original.png","R48_1522_A_O_l2.png","R48_1522_A_O_diff.png","R49_5293_A_N_original.png","R49_5293_A_N_diff.png","R49_5293_A_N_l2.png","R49_572_O_A_original.png","R49_572_O_A_diff.png","R49_572_O_A_l2.png","R49_616_N_A_original.png","R49_616_N_A_l2.png","R49_616_N_A_diff.png","optionB","optionB","optionA","optionA","optionB","optionA","optionA","optionB","optionB","optionA"
"3M67TQBQQH316JYNNJA3KLGUBH89A9","3G39WTVP4COFABVCFV2XU5YQR8PL6O","Choose one image from two images","Choose one image from two images that more similar to the given reference image","image, comparison, choose, abtest","$0.30","Fri Oct 26 00:20:23 PDT 2018","80","BatchId:3413310;OriginalHitTemplateId:926158629;","7200","604800","Sat Nov 24 23:20:23 PST 2018","","","3XIQGXAUMDOCAXFG9Y9ZFHWAL0UX7O","A31J4TQIDERVVE","Submitted","Fri Oct 26 00:30:37 PDT 2018","Fri Oct 26 00:31:52 PDT 2018","Fri Nov 02 00:31:52 PDT 2018","","","","75","0% (0/0)","0% (0/0)","0% (0/0)","R0_1154_O_N_original.png","R0_1154_O_N_l2.png","R0_1154_O_N_diff.png","R0_131_O_A_original.png","R0_131_O_A_diff.png","R0_131_O_A_l2.png","R0_26_N_A_original.png","R0_26_N_A_l2.png","R0_26_N_A_diff.png","R0_307_~_A_original.png","R0_307_~_A_l2.png","R0_307_~_A_diff.png","R0_6955_A_N_original.png","R0_6955_A_N_diff.png","R0_6955_A_N_l2.png","R0_761_~_N_original.png","R0_761_~_N_diff.png","R0_761_~_N_l2.png","R48_1522_A_O_original.png","R48_1522_A_O_l2.png","R48_1522_A_O_diff.png","R49_5293_A_N_original.png","R49_5293_A_N_diff.png","R49_5293_A_N_l2.png","R49_572_O_A_original.png","R49_572_O_A_diff.png","R49_572_O_A_l2.png","R49_616_N_A_original.png","R49_616_N_A_l2.png","R49_616_N_A_diff.png","optionA","optionA","optionA","optionB","optionB","optionA","optionA","optionB","optionA","optionB"
"3M67TQBQQH316JYNNJA3KLGUBH89A9","3G39WTVP4COFABVCFV2XU5YQR8PL6O","Choose one image from two images","Choose one image from two images that more similar to the given reference image","image, comparison, choose, abtest","$0.30","Fri Oct 26 00:20:23 PDT 2018","80","BatchId:3413310;OriginalHitTemplateId:926158629;","7200","604800","Sat Nov 24 23:20:23 PST 2018","","","3Y4W8Q93L000NHBV0WB3RO9LR1VDV2","AXLMOFXKXSU0B","Submitted","Fri Oct 26 01:33:36 PDT 2018","Fri Oct 26 01:37:46 PDT 2018","Fri Nov 02 01:37:46 PDT 2018","","","","250","0% (0/0)","0% (0/0)","0% (0/0)","R0_1154_O_N_original.png","R0_1154_O_N_l2.png","R0_1154_O_N_diff.png","R0_131_O_A_original.png","R0_131_O_A_diff.png","R0_131_O_A_l2.png","R0_26_N_A_original.png","R0_26_N_A_l2.png","R0_26_N_A_diff.png","R0_307_~_A_original.png","R0_307_~_A_l2.png","R0_307_~_A_diff.png","R0_6955_A_N_original.png","R0_6955_A_N_diff.png","R0_6955_A_N_l2.png","R0_761_~_N_original.png","R0_761_~_N_diff.png","R0_761_~_N_l2.png","R48_1522_A_O_original.png","R48_1522_A_O_l2.png","R48_1522_A_O_diff.png","R49_5293_A_N_original.png","R49_5293_A_N_diff.png","R49_5293_A_N_l2.png","R49_572_O_A_original.png","R49_572_O_A_diff.png","R49_572_O_A_l2.png","R49_616_N_A_original.png","R49_616_N_A_l2.png","R49_616_N_A_diff.png","optionB","optionB","optionB","optionA","optionA","optionA","optionA","optionB","optionB","optionA"
"3M67TQBQQH316JYNNJA3KLGUBH89A9","3G39WTVP4COFABVCFV2XU5YQR8PL6O","Choose one image from two images","Choose one image from two images that more similar to the given reference image","image, comparison, choose, abtest","$0.30","Fri Oct 26 00:20:23 PDT 2018","80","BatchId:3413310;OriginalHitTemplateId:926158629;","7200","604800","Sat Nov 24 23:20:23 PST 2018","","","3YDGXNSEO0APC9WPZSZ0W6V73PW484","APSX6ZF7HGSG2","Submitted","Fri Oct 26 00:29:31 PDT 2018","Fri Oct 26 00:34:22 PDT 2018","Fri Nov 02 00:34:22 PDT 2018","","","","291","0% (0/0)","0% (0/0)","0% (0/0)","R0_1154_O_N_original.png","R0_1154_O_N_l2.png","R0_1154_O_N_diff.png","R0_131_O_A_original.png","R0_131_O_A_diff.png","R0_131_O_A_l2.png","R0_26_N_A_original.png","R0_26_N_A_l2.png","R0_26_N_A_diff.png","R0_307_~_A_original.png","R0_307_~_A_l2.png","R0_307_~_A_diff.png","R0_6955_A_N_original.png","R0_6955_A_N_diff.png","R0_6955_A_N_l2.png","R0_761_~_N_original.png","R0_761_~_N_diff.png","R0_761_~_N_l2.png","R48_1522_A_O_original.png","R48_1522_A_O_l2.png","R48_1522_A_O_diff.png","R49_5293_A_N_original.png","R49_5293_A_N_diff.png","R49_5293_A_N_l2.png","R49_572_O_A_original.png","R49_572_O_A_diff.png","R49_572_O_A_l2.png","R49_616_N_A_original.png","R49_616_N_A_l2.png","R49_616_N_A_diff.png","optionA","optionA","optionB","optionA","optionA","optionB","optionA","optionA","optionA","optionA"
"3M67TQBQQH316JYNNJA3KLGUBH89A9","3G39WTVP4COFABVCFV2XU5YQR8PL6O","Choose one image from two images","Choose one image from two images that more similar to the given reference image","image, comparison, choose, abtest","$0.30","Fri Oct 26 00:20:23 PDT 2018","80","BatchId:3413310;OriginalHitTemplateId:926158629;","7200","604800","Sat Nov 24 23:20:23 PST 2018","","","3YOH7BII0AN81NH5SDXQV14BB9MVKP","A1B3XMTSAYWBT6","Submitted","Fri Oct 26 00:25:36 PDT 2018","Fri Oct 26 00:52:40 PDT 2018","Fri Nov 02 00:52:40 PDT 2018","","","","1624","0% (0/0)","0% (0/0)","0% (0/0)","R0_1154_O_N_original.png","R0_1154_O_N_l2.png","R0_1154_O_N_diff.png","R0_131_O_A_original.png","R0_131_O_A_diff.png","R0_131_O_A_l2.png","R0_26_N_A_original.png","R0_26_N_A_l2.png","R0_26_N_A_diff.png","R0_307_~_A_original.png","R0_307_~_A_l2.png","R0_307_~_A_diff.png","R0_6955_A_N_original.png","R0_6955_A_N_diff.png","R0_6955_A_N_l2.png","R0_761_~_N_original.png","R0_761_~_N_diff.png","R0_761_~_N_l2.png","R48_1522_A_O_original.png","R48_1522_A_O_l2.png","R48_1522_A_O_diff.png","R49_5293_A_N_original.png","R49_5293_A_N_diff.png","R49_5293_A_N_l2.png","R49_572_O_A_original.png","R49_572_O_A_diff.png","R49_572_O_A_l2.png","R49_616_N_A_original.png","R49_616_N_A_l2.png","R49_616_N_A_diff.png","optionA","optionA","optionA","optionB","optionB","optionB","optionA","optionA","optionB","optionA"
"3M67TQBQQH316JYNNJA3KLGUBH89A9","3G39WTVP4COFABVCFV2XU5YQR8PL6O","Choose one image from two images","Choose one image from two images that more similar to the given reference image","image, comparison, choose, abtest","$0.30","Fri Oct 26 00:20:23 PDT 2018","80","BatchId:3413310;OriginalHitTemplateId:926158629;","7200","604800","Sat Nov 24 23:20:23 PST 2018","","","3Z4GS9HPNWQIVI9PRL51LIJMJ7H775","A1D9FOXZ0UT0L2","Submitted","Fri Oct 26 00:40:35 PDT 2018","Fri Oct 26 00:41:55 PDT 2018","Fri Nov 02 00:41:55 PDT 2018","","","","80","0% (0/0)","0% (0/0)","0% (0/0)","R0_1154_O_N_original.png","R0_1154_O_N_l2.png","R0_1154_O_N_diff.png","R0_131_O_A_original.png","R0_131_O_A_diff.png","R0_131_O_A_l2.png","R0_26_N_A_original.png","R0_26_N_A_l2.png","R0_26_N_A_diff.png","R0_307_~_A_original.png","R0_307_~_A_l2.png","R0_307_~_A_diff.png","R0_6955_A_N_original.png","R0_6955_A_N_diff.png","R0_6955_A_N_l2.png","R0_761_~_N_original.png","R0_761_~_N_diff.png","R0_761_~_N_l2.png","R48_1522_A_O_original.png","R48_1522_A_O_l2.png","R48_1522_A_O_diff.png","R49_5293_A_N_original.png","R49_5293_A_N_diff.png","R49_5293_A_N_l2.png","R49_572_O_A_original.png","R49_572_O_A_diff.png","R49_572_O_A_l2.png","R49_616_N_A_original.png","R49_616_N_A_l2.png","R49_616_N_A_diff.png","optionB","optionB","optionB","optionB","optionB","optionA","optionB","optionA","optionA","optionB"
"3M67TQBQQH316JYNNJA3KLGUBH89A9","3G39WTVP4COFABVCFV2XU5YQR8PL6O","Choose one image from two images","Choose one image from two images that more similar to the given reference image","image, comparison, choose, abtest","$0.30","Fri Oct 26 00:20:23 PDT 2018","80","BatchId:3413310;OriginalHitTemplateId:926158629;","7200","604800","Sat Nov 24 23:20:23 PST 2018","","","3Z7EFSHGNAUIMEAC0FHAV3OOMBLXCH","A2IEKGZ0JO612F","Submitted","Fri Oct 26 00:31:16 PDT 2018","Fri Oct 26 00:36:22 PDT 2018","Fri Nov 02 00:36:22 PDT 2018","","","","306","0% (0/0)","0% (0/0)","0% (0/0)","R0_1154_O_N_original.png","R0_1154_O_N_l2.png","R0_1154_O_N_diff.png","R0_131_O_A_original.png","R0_131_O_A_diff.png","R0_131_O_A_l2.png","R0_26_N_A_original.png","R0_26_N_A_l2.png","R0_26_N_A_diff.png","R0_307_~_A_original.png","R0_307_~_A_l2.png","R0_307_~_A_diff.png","R0_6955_A_N_original.png","R0_6955_A_N_diff.png","R0_6955_A_N_l2.png","R0_761_~_N_original.png","R0_761_~_N_diff.png","R0_761_~_N_l2.png","R48_1522_A_O_original.png","R48_1522_A_O_l2.png","R48_1522_A_O_diff.png","R49_5293_A_N_original.png","R49_5293_A_N_diff.png","R49_5293_A_N_l2.png","R49_572_O_A_original.png","R49_572_O_A_diff.png","R49_572_O_A_l2.png","R49_616_N_A_original.png","R49_616_N_A_l2.png","R49_616_N_A_diff.png","optionB","optionB","optionB","optionB","optionB","optionA","optionA","optionB","optionA","optionB"
"3M67TQBQQH316JYNNJA3KLGUBH89A9","3G39WTVP4COFABVCFV2XU5YQR8PL6O","Choose one image from two images","Choose one image from two images that more similar to the given reference image","image, comparison, choose, abtest","$0.30","Fri Oct 26 00:20:23 PDT 2018","80","BatchId:3413310;OriginalHitTemplateId:926158629;","7200","604800","Sat Nov 24 23:20:23 PST 2018","","","3ZPPDN2SLWC7IGCSTQHR5O290K8E99","A3VXL1AHHGZH9W","Submitted","Fri Oct 26 00:29:19 PDT 2018","Fri Oct 26 00:32:39 PDT 2018","Fri Nov 02 00:32:39 PDT 2018","","","","200","0% (0/0)","0% (0/0)","0% (0/0)","R0_1154_O_N_original.png","R0_1154_O_N_l2.png","R0_1154_O_N_diff.png","R0_131_O_A_original.png","R0_131_O_A_diff.png","R0_131_O_A_l2.png","R0_26_N_A_original.png","R0_26_N_A_l2.png","R0_26_N_A_diff.png","R0_307_~_A_original.png","R0_307_~_A_l2.png","R0_307_~_A_diff.png","R0_6955_A_N_original.png","R0_6955_A_N_diff.png","R0_6955_A_N_l2.png","R0_761_~_N_original.png","R0_761_~_N_diff.png","R0_761_~_N_l2.png","R48_1522_A_O_original.png","R48_1522_A_O_l2.png","R48_1522_A_O_diff.png","R49_5293_A_N_original.png","R49_5293_A_N_diff.png","R49_5293_A_N_l2.png","R49_572_O_A_original.png","R49_572_O_A_diff.png","R49_572_O_A_l2.png","R49_616_N_A_original.png","R49_616_N_A_l2.png","R49_616_N_A_diff.png","optionB","optionB","optionA","optionB","optionB","optionA","optionA","optionA","optionA","optionA"